100
0.08150193452508113 -0.9966731834802567
-0.061084953751401314 -0.9981325705662496
0.9994132550201813 0.03425121443052776
0.8880032626652955 -0.45983715106088396
0.9910739961753698 0.1333129179974058
-0.5065043027254057 0.8622374332633967
0.5605742666273142 -0.8281041550404447
-0.3086472858542605 -0.951176562439802
-0.15416546098554035 0.9880450448431568
0.9043804935150396 0.42672698877560283
-0.45047412229635897 0.8927894853442916
0.7774112699890751 0.6289926210171097
0.9893887017423046 -0.14529279701580872
0.37102771432157683 0.9286217934150083
-0.8982980936477563 -0.4393865438868229
0.9833835332828 0.1815401511187984
-0.4762049606172082 -0.8793343138326647
-0.6914162183166972 0.7224566513283944
-0.6582167147770985 -0.7528285039688944
-0.8743655280381124 0.48526788826238326
0.9138321036838029 -0.40609221400666545
0.573965290141201 -0.8188796283417527
-0.43468310534026705 0.9005834763816968
0.9872007848485768 -0.1594823200055547
-0.32008456548267783 0.9473889755215464
0.3391292597469356 0.9407397861170195
-0.9393255800753828 -0.3430269007177798
-0.6775311390127752 0.7354940894854639
0.9613550564146833 -0.2753115607923522
-0.2694125134638509 0.9630248686244246
0.17557271721125048 0.9844664651327938
-0.9257036813751437 0.3782495132693583
0.9997380203159808 -0.02288865952133302
0.9627988748534037 -0.2702190344535706
-0.48161525134349187 0.876382764363463
0.8287253518801918 -0.5596555111414987
-0.3670319996702662 -0.9302083160335892
-0.9975155147804752 -0.07044712749462241
-0.8647708370269012 -0.5021667048180244
-0.08530818961208622 0.9963546119655935
-0.8221578897890796 -0.5692595227640621
0.4449148351340851 0.8955728833978895
-0.9811314207716396 0.19334201606123733
0.9642826677810136 -0.26487532277872056
-0.9538485753493655 -0.3002880205802187
-0.8411001134888967 0.5408794681710197
-0.15527181624456377 -0.9878717847373284
0.13227505169898235 -0.9912130501047852
0.6117531007378781 -0.7910487619215338
-0.01329942295337836 -0.9999115587636275
0.7427762215510282 -0.6695397558759135
-0.24276955818723858 -0.9700839868885441
-0.9716393241836733 -0.236467806899575
-0.8552436977380811 -0.5182260293340096
-0.9960027194736092 0.08932291308043545
0.5083453345755803 0.8611533085433983
-0.36938087475773057 0.9292780904353732
0.7697305205950922 0.6383689573157583
-0.8036658119339549 0.5950808875510428
-0.7853557426853888 0.6190447135959417
-0.9940391866533007 0.10902337087819507
0.9982742963759303 0.058723327521022564
0.7581106947539066 0.652125888536676
0.324251082447929 -0.945971054277744
0.4560201362490699 -0.8899694575295153
-0.689698048542857 -0.7240970942050347
0.5996728687483254 -0.8002452439640948
-0.4656340608446783 -0.8849773564229169
0.8989286503132824 0.43809506005653676
0.42168170146157874 -0.9067439234163458
-0.5983250343765615 0.8012534887526459
-0.1632984023097911 0.9865767237286057
-0.9928902485290608 0.11903341705546275
-0.5560521043706261 -0.8311474341084127
-0.4287731673359919 -0.903412182214
-0.6879669588168855 0.7257420089647876
0.8343925404079686 -0.551170652803228
-0.9220687653466009 0.38702608694013796
-0.886005626603791 0.4636744867106919
-0.3499395972622842 0.9367722659579063
-0.5186935115862993 0.854960256993431
0.0880596154388462 0.9961152062531535
0.8209425838826865 0.5710107476817037
-0.4821335228876424 0.8760977491741154
-0.5243800885959398 0.8514843056005873
0.9967020765423481 -0.08114783186365082
0.48549490408191665 0.8742394969975279
-0.6985233723116372 -0.7155872401981312
0.06855134331357546 -0.9976475897479552
-0.5497997327487298 -0.8352965065588537
0.6851865635790892 -0.7283676084853572
-0.9444160847735363 -0.32875257994580764
-0.001231185151827565 0.9999992420912738
-0.6333461476357086 0.7738686305019782
-0.1902465384979552 0.9817363467803084
0.3958877020295808 -0.9182989313844038
-0.038426039554759706 -0.9992614470118099
0.9850784578152392 -0.1721058742412647
0.5910194785069947 -0.8066572853605923
-0.1980293789508058 0.9801960850117482
