1000
-0.9969111095329884 -0.0785381416237103
0.9990508369384943 -0.04355944458431531
-0.4256793290467305 -0.9048740845124946
-0.514003810117205 0.8577879010483863
0.659090387582781 -0.7520637346634789
0.22600803450955742 -0.9741254376809625
0.711820529948571 0.7023613978172031
0.1563118146764777 0.987707758698162
0.9895433643070485 -0.1442356757390065
0.9968987928360169 0.07869432534873332
-0.9457487500486734 -0.32489891009569705
-0.71558093486415 -0.6985298316170535
-0.9396666708509253 -0.3420914317721782
0.9036513358093506 -0.42826891469026346
-0.34246747127122784 0.9395296861308272
-0.12475287191060967 -0.9921878455968179
0.2932291804499792 0.9560421788460138
-0.48434362908078893 0.8748778480272839
-0.20151707584362402 0.9794850014897803
0.23724608624513488 0.9714495841583165
0.3807374145136764 -0.9246832004472889
-0.7313166243444069 -0.6820381184050504
0.7856564167018886 0.618663070576504
0.6338019609229489 -0.7734953615440914
0.8764116862761517 0.48156261914583043
-0.7644263801977987 -0.6447110277152784
-0.911263727487384 0.41182328608979674
-0.8877587341225147 0.4603090592082566
0.22861252712438568 0.9735174946768045
-0.32622431769550286 0.9452923857432174
0.13699022207346398 0.9905723997044653
0.11245050526483041 0.9936573271836143
0.2712837320650093 -0.9624994216709329
0.9124494126556059 -0.40918952741295805
-0.32760818855110535 0.9448136719979572
0.5857148521337392 0.8105171879670116
-0.9864322140486189 0.16416908078910522
0.027694349584642147 0.9996164379406152
-0.6475755679587885 -0.7620012360769847
0.9999848302689728 0.005508106020555128
-0.9937697308140689 -0.11145277976673777
-0.8357618162553093 0.5490921475395787
-0.5352281625198015 0.8447075316615076
0.9775761476899478 0.21058222970536092
0.09000015036303478 0.9959417517779999
0.9977020111157527 -0.0677546826100036
-0.9715820898650545 -0.2367028572988783
-0.8746642156527701 0.48472931606879777
0.9977971026986873 -0.06633959485936981
0.9967784960501037 0.08020367704845871
-0.7179741876123418 -0.6960697277733013
-0.9884952028236108 -0.15125221980092865
-0.01545959214809949 0.9998804933643892
-0.7705985008903699 -0.6373209163565202
0.7239747919454151 -0.6898264278987815
0.4284879785297663 -0.9035474820149048
-0.34279674478144595 -0.9394095974425875
-0.8124388229256941 -0.5830464466945259
0.992941155150944 0.11860801999657845
0.586494326811317 0.8099533348398167
-0.9995749502901045 0.02915336605840273
-0.764223134909281 -0.6449519362475246
-0.42681145921908187 -0.9043406317750398
0.8264309482982979 -0.563038087250566
-0.7387117654965423 -0.674021459240714
0.5419070821057697 0.8404384060498489
-0.9953981350880275 -0.09582563677470075
0.12150428064126047 0.9925909075675889
-0.07928153148270625 0.9968522652659002
0.9986332445977224 0.05226512014934537
-0.5796714719283024 0.8148502835689974
-0.3889615901924211 0.9212539722329468
0.8181461575121921 -0.5750103172535562
0.9405318582637724 0.3397054953792995
0.8047538539560226 0.5936086543699719
-0.8281470655620586 -0.5605108721523172
0.2152355831632278 -0.9765621555950165
0.18788567755538851 -0.9821909041370483
0.03812831555819537 0.9992728514038068
0.09933067252543215 0.9950544796621165
-0.8337247936777028 0.5521801955947642
0.7947527057366852 0.6069333873863078
-0.8584382348675752 0.5129169493372605
-0.35504319744617596 -0.9348498959443681
-0.18092080705399252 -0.9834976672951147
0.7176241919923282 0.6964305558111002
-0.9981625672175397 -0.060592816452865086
0.07695960446690868 -0.9970342116899986
-0.8673630856179969 0.4976758761555832
-0.5325209968905804 0.8464167932352609
0.9987312957261869 0.05035671690144037
0.8154625321197781 0.5788098640389605
0.9284876998711852 0.3713631527062371
-0.01681811232510628 0.9998585655470578
-0.0892639906221663 -0.996008001964947
0.07426129677679937 0.9972388178370456
0.5101617443764689 -0.8600784816368553
0.9998498747165139 0.017327089466249335
-0.31322810320844047 -0.9496779219084976
-0.5473141219556112 0.8369272679916447
0.3155797728828659 -0.9488990499242786
0.4108376844925074 0.9117085044030439
-0.6925913165218492 -0.7213302075183956
-0.9095087751705541 -0.41568472173963605
0.9561437608174067 0.29289777849950605
0.8288724724862386 0.5594375964793121
0.7028246724296665 -0.7113631139046583
-0.0761198340324512 -0.9970986765946849
0.35499835152079956 0.9348669265823424
0.49525778227584716 0.8687460670962543
-0.7573017235466405 -0.6530651571729178
0.9450979419164982 0.3267872093353708
0.9963379817207672 -0.0855021998581812
0.49630588223290556 0.8681477243309558
0.27045828347756723 -0.9627316951769936
-0.02610897635680722 -0.9996591025712713
0.9209419285478392 0.3896998386483969
0.996330903539064 0.08558464028686692
-0.18005913969480322 0.9836557864478648
-0.15036649898173526 0.9886303232169119
-0.9215774845418832 0.3881944615594808
0.20493767469577787 -0.9787750249624719
0.47649312273327116 -0.8791781980849478
-0.343428874945603 -0.9391786879255711
0.8047702378625996 -0.5935864421047492
-0.6251506452535978 -0.7805041132108211
-0.8932930362805171 0.44947475049521374
0.9100664088677822 -0.41446246084597166
-0.45768107648021206 0.8891164334505994
0.8598288561501262 0.5105823519585901
-0.6904418991230744 -0.7233878516641832
0.6954893211739508 0.7185364320151046
-0.3867922719983576 0.9221668711910814
0.04540534680457772 0.9989686453946169
0.043713883915907394 -0.9990440912957679
0.8143349354199146 0.5803952213402893
0.6218907672217678 -0.7831039992519008
-0.8716807508091026 0.4900741460930982
-0.31871885365428737 0.9478492983197787
-0.9998949247411938 0.014496188354269218
-0.9849232333128444 -0.17299197808156389
-0.9105995616043024 -0.41328977534661093
-0.9113329289029543 0.4116701260683886
-0.30677504495800456 -0.9517820505719858
0.5871803006828294 -0.8094561720624669
-0.41857578300766074 0.9081818726882428
0.9799445883585182 0.19927017776590228
0.15947947950337676 -0.987201243727606
-0.9982065791627621 0.05986338877959007
0.8527287181701498 -0.5223540305270872
0.999998003371951 -0.0019983123158269704
0.9173604224983372 -0.39805760290901665
-0.9898001338806055 -0.14246295999288835
0.8543699594552451 -0.5196652503106619
0.983458104178238 -0.18113574281777173
-0.6765100578453892 -0.7364333925305316
0.9998079933953163 0.019595314308045703
0.16588198915533844 -0.9861456107866973
-0.6565727413132261 0.7542627097798454
0.9098807117191201 0.414869968112308
-0.7661660666768944 0.6426426365195952
-0.6511763825049566 -0.7589264252005978
0.9986913827572348 0.051142174439910607
-0.035560842031543784 -0.9993675132372513
-0.5290510421076671 -0.8485900039741168
-0.6917966970576124 -0.7220923278502397
-0.9818808325229631 0.18949942143450693
-0.14336198478038786 0.9896703195104054
0.945819333011987 0.32469337735894793
-0.881770079565827 -0.47167947462495674
0.41568458805308905 -0.9095088362710577
0.350232052690969 -0.9366629646077986
-0.3250594287798276 0.9456935908428967
0.9884859687391596 0.15131255600843282
0.1940885535285192 0.9809840128102023
-0.03758879577344 0.9992932914976977
-0.8607999000550891 0.508943545066787
-0.45017155324147945 0.8929420880729914
-0.6896690150439395 -0.7241247473248806
0.7487047038045631 -0.6629036630619275
-0.723165255192328 0.6906750420296184
-0.6591032080991087 -0.7520524988812037
0.6502608493931885 0.759711015943858
0.9990273866220167 -0.044093999355733174
-0.9356176397105679 0.3530150595405611
0.2733977931772846 -0.9619010586779655
-0.9608622854385601 0.2770264760303373
-0.1434774886794951 -0.9896535809272987
-0.3067753748117482 0.9517819442546236
-0.13280654781049464 0.9911419781538157
-0.9802785902286608 0.19762055950560728
0.9916645932775267 -0.1288461657936225
0.9849750698291633 -0.1726965888922965
-0.8236299703074587 -0.567127562380224
0.1569337802958399 0.9876091274396248
0.22377680196000607 -0.9746404172332236
0.591021224163594 0.8066560063547328
-0.9955089908993761 -0.09466704304300358
0.004398708572999061 -0.9999903256346483
0.8980397639887979 -0.43991428971442154
-0.0279017860155722 0.9996106693794046
-0.7637468373893868 0.645515893203033
-0.9140511785715599 0.4055988695151186
0.6852369605664306 0.7283201959809161
0.9065434258833662 -0.42211256435653477
0.35353901099784196 0.9354197815433816
-0.866056378504374 0.49994634637317686
0.4954910482106825 -0.8686130445388666
0.7838561753924123 0.6209424259133691
-0.9688156206065347 -0.24778275417949314
-0.4488890517295225 -0.8935874994858478
0.8232544735967979 0.5676725039165268
-0.7032644229347913 -0.7109283729280995
0.9836065401580988 0.18032796277398147
-0.25991769632583867 -0.9656307737104639
0.7367219356618592 -0.6761958218701468
0.31018697319221655 0.9506755711923238
0.012674858972916534 -0.999919670748614
0.6669081346719232 -0.7451399465257623
0.24357424743387524 -0.9698822536715584
0.4735025411741019 0.880792452000849
-0.1454630916573127 0.9893636788186113
0.8296197668987192 0.5583287941445568
0.9603108662867103 0.27893196319473346
-0.04384478370552294 -0.9990383550904419
-0.6942679690612102 -0.7197166019591478
-0.9324412389786626 -0.361321651512799
-0.8921639852005209 -0.4517116597024309
0.7192741228703995 0.6947263750348172
-0.11023238166739084 -0.9939058416328654
0.28505809870479054 0.9585102400928275
0.6954822759981871 0.7185432511494221
-0.9076221852314313 0.4197880046829844
0.6950653749524583 0.7189465380278276
0.27167923588753273 0.9623878598504692
0.8700919928903302 -0.4928893627459752
-0.5360927590021575 0.8441590808286402
-0.877142570751524 -0.4802300600497721
0.3162314609321218 0.9486820664040909
0.9853495331070293 0.17054705393456449
0.4107284879560379 0.9117577031105066
0.47183045793042827 -0.8816892984318015
0.9614663732523281 0.2749225583778366
0.7889443288824093 0.6144646824059823
-0.916115610859365 0.40091418974610077
-0.9952116477521235 -0.09774342012894492
0.6254277982784193 -0.7802820446099018
0.784852744494966 -0.6196823133337916
0.07026894900144486 0.9975280822143466
0.426433912508465 0.9045187218972986
-0.3727239374666267 -0.9279422753810573
0.5872932428675066 0.809374231664295
-0.9570509445357375 0.28991979850167654
-0.9949378519369291 -0.10049214289251367
-0.8215749344603018 0.5701005411912453
-0.9998910294721778 0.01476242463379836
0.31560288935828307 0.9488913616577523
-0.6401193825689606 -0.7682754558487032
0.999864863769821 0.016439409921201728
-0.9562500721686662 0.2925505075665066
0.922781758483624 -0.3853230154167678
0.8728289621582719 0.4880262316901766
0.8623741427025544 0.5062715062079183
0.9948195926699337 -0.10165617561184988
0.976968631003989 0.2133829750336037
-0.7269865875875756 0.6866516594808261
0.902439614844111 -0.430816366402221
-0.9989996774237797 0.044717384842856096
0.6202934502911919 -0.7843698333859154
-0.5598858124905736 0.8285697779739316
-0.5480518511060507 0.8364443606715459
-0.43512714569329475 0.90036901717063
0.8531673756007682 -0.5216372582652602
0.4113278282708758 0.9114874753335698
-0.5605008045554826 0.8281538794769102
-0.7115454922371766 0.7026400305113238
-0.6251405933417782 -0.7805121642590136
0.3267675581084894 -0.9451047365069202
0.99262092113073 -0.12125884270263014
0.9452446184743082 -0.326362698918488
0.13027184957134494 0.991478313030225
-0.999995080523831 -0.003136706574858622
-0.9008296368385806 -0.43417273681482
0.9908824172537828 0.13472948889274478
-0.2967353418212891 -0.9549597566987851
0.34673763633222 0.9379621589119388
-0.9624689819468659 -0.2713917072980742
0.14118476438971853 0.9899832636485425
0.8572418680972632 0.5149139535700255
-0.8192279168893882 0.573468063791763
0.7682322676538846 -0.6401712137665753
0.33640073722150865 0.9417189304653621
-0.743497933439283 -0.6687382320246955
-0.9929416340327744 0.11860401091162143
0.27768326798586873 0.9606726823849464
0.5440146523802585 -0.8390757164854591
-0.464633653067637 -0.8855030030649376
0.7423838782971346 -0.669974758662224
-0.6009947672869758 -0.7992529572630144
0.708722072707539 0.7054877912885026
0.4343052815184715 0.900765742268855
-0.8163590243546086 -0.577544754417172
0.47147341636865575 0.8818802739928296
-0.016865744165853954 0.9998577632212153
0.9991984894872713 0.04002972153732068
-0.9484932127101853 0.3167974517617072
-0.8465639645452513 0.5322870033482187
-0.05260896665377172 -0.9986151894637004
0.8010043694967881 -0.5986585003547956
0.8404242157455013 -0.5419290890776753
0.9993878446021996 0.03498479757508462
-0.6892429326967602 -0.7245303166380059
-0.02007174444230231 0.9997985422449079
-0.4819320394636632 0.8762085992150466
0.9596237450839528 -0.28128680714005927
0.6240518934368589 -0.7813828986469255
-0.634951826062083 -0.7725517319768471
0.47813934257224144 -0.8782839911353187
0.9809638355613595 0.19419050780289493
-0.9935444759911206 -0.11344326435504876
0.8823785739455209 0.47054017069945153
-0.324252296081136 -0.9459706382790701
0.915402107359909 0.40254065861852717
-0.9655227485785944 -0.2603186930998931
-0.1840232118813896 0.9829218979597805
-0.055454378038479 0.9984612220594075
0.9552353205373715 0.2958470591333725
0.9710108727889557 0.2390353215021379
-0.8588077286406225 -0.5122980433567309
0.14056720602702116 0.9900711391560493
-0.29624820221481757 0.9551109897202987
0.9502377403473907 0.3115256599695841
-0.5754664179904896 0.8178254103200726
0.6053817609997816 0.7959352507891602
-0.4186719742853317 0.9081375325070661
-0.9978262781908923 0.06589930615501226
-0.501718216403107 -0.8650311158156596
0.9137787180429385 -0.4062123268092732
-0.002721308374374397 0.9999962972335106
-0.3049421541753205 0.9523708745057857
0.9840811585195935 0.17771964845434135
0.9781774807160126 0.20777106685021052
-0.9205258696559401 0.39068161371400006
-0.1708631942084686 -0.9852947624263915
0.36836488539231843 -0.9296812955039507
0.9958983179325922 0.09047950231424555
-0.23381077349260082 -0.9722821206824651
0.11221661350371828 0.9936837684362954
0.6235476860785066 -0.78178531783741
-0.9997895531696457 -0.02051461364101767
-0.9934169221248217 -0.11455487259844507
-0.06862592517996745 -0.9976424622043678
0.9302688402800464 -0.3668785695622156
-0.20702634843163192 -0.9783353673741252
-0.15260368513420758 0.9882874659143763
0.18156790942188825 0.9833784084817833
0.9311024430716002 0.3647577833386116
-0.4354610873545234 0.9002075546228304
-0.15676396246975377 -0.9876360969865275
-0.8493508392994985 -0.5278287144341784
0.8850980345383219 -0.46540462960353063
0.09036573492948856 -0.9959086473922463
-0.44834935614928395 0.8938584087205996
0.2957293508293823 -0.9552717681675891
-0.7063029512765346 -0.7079096983500488
-0.008405779801889845 -0.9999646708088852
-0.5125291284761756 -0.8586698390321229
-0.6581443841964126 0.7528917382670133
-0.8400604409481064 0.5424928161313042
0.9999771515780699 0.006759905458643815
-0.14612350230317028 -0.9892663554749325
-0.2904880402308454 0.9568786226491021
-0.014992251822669906 -0.999887609876873
-0.7782002969842892 0.6280161604398123
-0.7298781000502187 -0.6835773248631664
0.3024280035211632 -0.953172231386439
0.5716037773851744 -0.820529781104257
-0.6903220584005747 0.7235022153978476
-0.4094920413661748 -0.9123136895047465
0.9227270973709332 0.38545389319270384
-0.600765920469902 -0.7994249863507842
0.5655135717523025 0.8247389891134973
-0.11114320042486087 0.993804401781014
-0.39021192810936445 -0.9207250681724551
-0.5461208049561264 -0.8377064321073777
-0.34317763124095146 -0.9392705219561879
-0.05922228171491037 0.9982448203464317
-0.5384853572025143 -0.8426348675900378
0.9768520250131627 0.21391615466739167
0.9844410093476242 0.17571539236683517
0.9757412363701377 -0.21892701899691414
-0.6493112726740788 -0.7605227617753252
-0.8889181649092088 0.45806603901014603
-0.9437820462574932 -0.3305683729004017
-0.5187726139213518 0.8549122616065394
-0.7064158149723968 -0.7077970728654396
0.9878216247772494 0.15559060904320338
-0.8705581379442722 0.49206557333245904
0.6687379523242443 0.7434981850153884
0.44954721033068445 0.89325657326655
-0.7929936960617053 0.6092298400492179
0.22019164155266585 0.9754566320397552
0.11590102035141994 0.9932607681175672
0.7765848200416052 -0.6300127119994863
-0.9904578830057378 0.13781575378668554
-0.6594719179046191 0.7517291995760197
-0.36807000098088255 -0.9297980825845648
-0.33116805081944795 -0.9435717895933767
0.15295920956070558 -0.9882325031137987
-0.2453462905976193 -0.9694355046572147
-0.19648919999328657 -0.9805059889087869
0.08666563268143518 -0.9962374556861062
0.21841563199992972 0.975855835509565
-0.9425194454583341 0.3341513054484665
0.3948689315163337 0.918737463546115
0.9879665376243352 -0.15466777471271473
-0.8922415242901672 0.4515584816304073
0.9669812874553502 -0.2548473851370532
0.7294698973667452 -0.684012915693666
-0.945929351038115 -0.32437272210315493
-0.7148096395416602 0.6993190825498199
0.9932778419413513 -0.11575460555991718
-0.6761142728906352 0.7367967765901041
-0.2719439739786316 -0.962313085755727
0.7539813565096375 -0.6568958167288682
0.45427952216380957 0.8908592008519758
-0.21017776230286137 -0.9776631875208158
0.5973332516039478 -0.801993133716402
0.9692541290016912 -0.24606184875590345
-0.4197700829929997 -0.9076304740499022
0.772837466959001 -0.6346040101231595
0.694674587827015 -0.7193241390551042
0.9495412057410956 0.3136423099643071
0.7053719675606079 0.708837349029858
0.319394320962703 0.9476219012542787
-0.8900863924772463 0.45579185373023223
0.9969803974244538 -0.07765363578982107
-0.6028824131756286 -0.7978300545125702
0.6516494186795364 -0.7585202931594002
0.9814282135098015 -0.19182977278556004
-0.38908496430440764 0.9212018728553681
0.9731536567682427 0.23015638231123922
0.7932187162299688 -0.6089368343453041
0.3654754478966607 0.930820980094849
-0.27380414674214976 -0.9617854694404586
0.8518493236204494 0.5237869126346923
0.139370553224993 0.9902402985607884
0.014310615699851302 -0.9998975978960501
-0.6127206794366982 -0.7902995438380507
-0.8397995841342993 0.5428965449216433
0.959977958386285 0.28007556018421204
-0.3517142004642053 0.9361074303688786
-0.913760735068736 -0.4062527772786831
-0.39875023725409087 -0.9170595663803994
0.9562547232335991 0.29253530435390657
-0.7408226937106928 0.6717006301048356
-0.9901640147075405 -0.13991148622699107
-0.9708675943368431 -0.2396165984788849
-0.9601572587424625 0.27946026279984776
-0.9784179224511754 -0.20663583674262728
-0.356954734067844 -0.9341216825588381
-0.9980479117830853 0.06245290854253909
-0.7776579617123727 0.6286875969711491
0.06536239037978318 0.9978615925687494
-0.05168178048790724 0.9986636038054054
0.9465079183132699 -0.3226805859829199
-0.6765417799037879 0.7364042504254131
0.9949245187482434 -0.10062406269663447
-0.998483084753781 -0.05505932673556644
-0.6474156851205833 -0.7621370812785884
0.990206936411043 -0.13960738907184245
0.9514262211128582 -0.3078768354048525
0.8006918066165891 -0.5990764816090368
0.5490452928455861 -0.8357925977203343
0.934835758184842 -0.3550804207767186
-0.9661394162762277 -0.2580205966922601
0.3283318708863313 -0.9445624291492233
-0.6844331796662941 -0.7290755945523663
0.8669335674928826 -0.49842370484765613
-0.9997233824715103 0.02351932268842856
-0.9957200995882336 -0.09242014540130436
-0.9373781891287137 -0.34831326495810244
0.8114399383339237 0.5844358189541757
-0.15021932715698277 0.988652696222745
-0.3635988615036462 -0.9315556171873219
0.9847233891512504 -0.17412595113444532
0.9785404650740238 -0.20605474566899273
0.3951097150985014 -0.9186339385385133
-0.9993559420174897 0.03588455314387725
-0.9986202389139652 0.05251303106291796
-0.6182373523180262 -0.7859914606398702
0.23924284334575974 0.9709597632795276
-0.21265593270476854 0.9771271433572322
0.9646269077441237 -0.2636189083810374
0.8500796205832108 -0.5266541926815966
0.9812800838446154 0.19258607698871857
0.05449445128122986 -0.9985140734008499
-0.9913980956660237 0.13088092263497303
-0.9172132437533075 -0.39839661831337836
-0.9723177414555011 0.23366259788608287
-0.7290452509065625 0.6844655010521621
-0.7855906091884327 -0.6187466321160441
-0.1740795111113759 -0.9847315998845697
-0.7050870601033907 0.7091207497138675
-0.34933934152163165 -0.9369962777221865
0.31341642792224755 0.9496157868888125
-0.9190520814969183 0.3941361078310155
-0.1810102165951434 -0.9834812156254837
0.3239896358559249 0.9460606301173013
-0.24810637552107573 -0.9687327941314855
0.5246969674028414 0.8512890768700498
0.997085916288918 0.07628679792918945
-0.9871558384533122 -0.15976029108491915
-0.2680297921698961 -0.9634106240380382
-0.6471417005622105 0.7623697392954748
-0.9812670309481899 -0.19265257323514803
0.4150711764197165 -0.9097889417362428
0.9072582418757456 -0.42057399176426863
0.8427350229549005 -0.5383285995423271
0.9978311308058102 -0.06582578822010411
-0.5662171850349917 -0.824256088464653
-0.8761515870320162 -0.4820356797388335
-0.8449357313357582 0.5348678434081707
-0.5978559693373364 0.8016035428612538
-0.05718787003131708 0.9983634345874658
0.8995478373765655 -0.43682226164785154
-0.6429900625731721 0.7658745193777817
-0.9835092833030076 0.1808576502578873
0.8031238695289974 0.5958120930232702
-0.26685609350456846 0.9637363878984133
-0.7520757659300444 -0.6590766588954103
0.0008591753709544947 0.9999996309087729
-0.9888567899147018 -0.14886990642702522
-0.6037265899775898 -0.797191447868096
-0.8152886043004168 -0.5790548261588693
0.20403262470925926 -0.9789640892567257
0.9892522201427774 0.1462191674938209
0.15491643752156906 -0.9879275769941974
0.9972447014706861 0.07418224442979682
-0.16262314398772795 0.9866882552455698
-0.9200806237089431 0.391729046504548
-0.3264166634435978 0.9452259845276944
0.3864137546650921 -0.9223255445912935
0.99452127403168 0.10453437472144818
-0.2777374245492996 -0.9606570267294786
-0.4888072166650888 0.8723918299343071
-0.9739914250598983 -0.2265848713171038
0.9748413625936819 0.22289979312797376
0.0038900600639229605 0.999992433687725
-0.9511765965777507 -0.30864718064930874
-0.9586806155314709 0.28448458201491356
0.8959459322135964 -0.44416313056118206
-0.280590474658428 0.9598275811472382
0.869262359639798 -0.4943510393571055
-0.7638726662051287 0.6453669884838146
0.7376697409363183 0.6751617238165573
0.9960536242148942 0.08875346578232539
0.8434387535339929 -0.5372253428841797
0.6808931378661383 -0.7323827788846513
-0.40118576250097815 0.9159967161330377
-0.7374781750085306 0.6753709657559223
0.998977996486066 0.045199143096805644
0.9653223263868856 0.26106092426675254
0.25933312541188286 0.9657879322419103
-0.2640932471479928 0.9644971523083047
0.9820889880220741 0.18841767328405887
0.9302993622155458 -0.36680116774807126
-0.12561804716900618 -0.9920786794531194
0.8023728707483179 0.5968230694997498
-0.9669899139394503 0.25481465095118555
-0.8277659896871603 0.5610734945773468
-0.07149902782403382 0.9974406694236094
0.7650904497302232 -0.6439228243598799
0.029700524312037194 0.9995588421176564
0.37365627751088765 0.9275672408384777
-0.7191420283734711 0.6948631109987705
-0.3634068056008619 -0.931630556413312
-0.6848037246986889 -0.7287275613278273
-0.9860024508268196 -0.16673082187617602
-0.42726405371695836 0.9041268873345998
0.8887300442745724 -0.45843091999091495
-0.976680037056268 -0.21470003543494556
0.8487499643394494 0.528794381620856
0.6558395202935065 -0.7549003401914609
-0.8937526735438498 0.44856009467318947
0.30268600228345766 0.9530903336104394
0.291868807878401 0.956458362390983
0.6159535362509526 -0.7877824834178191
-0.5101264010765667 0.8600994447880256
-0.31139451538800017 0.9502807247262635
-0.4784486614701316 -0.8781155267602546
-0.6248871202991394 -0.7807151124989505
-0.453908803623824 -0.8910481457209755
-0.8701949682161251 0.49270753727879685
-0.9999892342463033 0.004640193044704525
-0.969334086328553 -0.24574667664403807
0.995947553482177 -0.08993592559631615
-0.7171348667306523 -0.6969344179470617
-0.9391344574162256 0.34354980846091515
0.708773231907768 0.7054363938237219
-0.33206201872939495 -0.9432575553460247
-0.15794888195456994 -0.9874472900815017
-0.9607867166101043 -0.2772884512300776
0.5981622473331806 -0.8013750219874082
0.2458051214243543 0.9693192674663794
0.9066375388851209 0.4219103851344868
-0.9518101418310771 0.3066878770142452
0.7623542523493254 -0.6471599446233528
-0.050334077525495284 0.9987324369618008
-0.9887866585811623 0.14933500531322194
-0.9675931426052025 0.2525143765875288
-0.36116154236514875 -0.9325032655794975
0.9942027383855617 -0.10752169542306472
-0.5851031760683884 0.8109588604575971
0.4248319986592184 0.9052722092913346
-0.9284415319955702 -0.37147856151562575
0.9442481479280274 0.3292346201943078
-0.07523578218202626 0.9971657721158798
-0.5627643024077277 0.8266174084396866
-0.9952722446259625 -0.09712445148981923
-0.2238977419207795 -0.974612641598074
-0.26623715574186113 -0.9639075562015706
-0.46106444103505345 -0.8873666554547978
0.9933627979031364 0.11502326609018079
-0.7595255144432742 -0.6504775114557609
-0.7361080599901996 0.6768640365815463
0.6559776090943927 -0.7547803497487227
-0.8196966334643879 -0.5727978954981844
0.2669945023829121 0.9636980521394143
0.5244901360461756 -0.8514165239119242
-0.5600001885366405 -0.828492479651401
-0.9901684244760126 -0.13988027441598352
-0.45038032093575525 -0.8928368084447494
0.891262059348657 0.4534886344392669
0.5366057167652721 0.8438331024170767
-0.35330298494900436 0.9355089528305561
-0.7052459216872531 0.708962756386749
-0.9961589935566949 0.08756288914895761
0.9998324401249493 -0.018305509383507886
-0.9979876082622273 0.06340925606754182
-0.9806859754203792 -0.19558889951574301
0.4258537690291241 -0.904792002287647
0.6891861264869236 -0.724584351927331
-0.6232710002414144 0.7820059208587022
0.9839710973749354 0.17832801106602839
0.3826170249599751 0.9239070365630829
-0.23957177725609968 0.9708786554159865
-0.1253996681222506 0.9921063064182333
0.1305928734936982 0.9914360803363266
-0.44508419072130906 0.8954887286671772
-0.42939645795364556 -0.9031160954699363
-0.16666007208670544 0.986014411848049
0.9666533349381743 0.25608851995531906
-0.23290847219266528 0.9724986599378317
0.46290328746500503 0.8864087919544181
0.08166435846117814 -0.996659888104826
-0.45648680083102966 -0.8897301841946534
-0.7428485258230777 -0.6694595340141779
-0.38346073080729043 -0.9235571817319915
0.41023695526134923 -0.9119789693506631
-0.35093884549998455 0.9363983803484166
0.21932507453159375 0.9756518393780185
-0.8872965995709303 -0.461199245868707
-0.5457664258826199 0.8379373534932733
0.2497784435999457 -0.968303015131518
0.883818596832688 -0.46782976379522756
-0.6677343052616096 -0.7443996893986425
0.2797537425440361 -0.9600717908222307
0.2561429771830382 -0.96663890633463
-0.6809186007768256 0.732359105300214
0.3989941132050795 0.916953487166984
0.9526321165519253 0.30412505735930273
0.19873444809926252 -0.9800533756580208
-0.9968687491091452 -0.0790739973035891
0.8565301552972353 -0.5160969802919738
-0.9578571649995536 0.28724493286917663
-0.9822576725025332 0.1875363026453979
-0.0015882132104700615 0.9999987387886037
-0.08786257741121793 0.9961326053747351
0.7260210950154425 -0.6876724289896882
-0.20468409706184365 -0.9788280852172039
-0.7306813380606163 0.6827186698852957
0.9428907234962115 -0.33310221185814837
-0.9654179971833191 -0.26070690576689537
-0.9322794269240569 0.36173895302296666
0.3129586605548423 -0.9497667486197435
0.4358287250778938 -0.900029623066362
0.09307335357511105 -0.9956592543909198
0.892092141550409 -0.4518535282411824
0.8040326543673258 -0.5945851416837056
-0.5136626361655339 0.857992247172126
-0.4403800014043832 0.8978114804139427
-0.3173975403561684 -0.9482925716127141
0.49279151736037224 0.870147413038539
-0.9990854999560869 0.04275703190699695
-0.24573664849602092 -0.9693366286208023
0.8667886758745367 -0.4986756374394757
0.5841389836594606 -0.811653650129963
-0.977632228340904 -0.21032172048839498
-0.023706039345432788 0.9997189723610095
-0.4751033428351567 0.8799300049588373
0.9275421117045989 -0.3737186522165752
-0.05830498247895052 0.9982988174981122
0.3766809289231199 -0.9263430670035888
0.8166590711972757 0.5771204046221231
-0.9918454401625396 -0.1274465489088582
0.29612867440219076 0.9551480556420566
-0.9989739309706095 -0.0452889085883946
-0.6315383131345034 0.7753446711258329
0.8352750785863186 -0.5498322863315862
0.7757468092819816 0.6310442836194817
0.9866690357914217 0.16273971184202737
-0.5089350081423373 0.8608049474109446
-0.7180812107820451 -0.695959319731974
0.9571269160992028 -0.2896688911126457
0.9926365602875203 0.12113075241473562
0.2417421208753863 0.9703405314603065
0.06188124360670335 0.9980835193958909
-0.9965773745892158 0.08266520705149082
0.9763856475424112 -0.21603487513173986
-0.04717086020259629 0.9988868354061671
-0.9907752385561974 -0.13551541116754948
-0.8094006433294297 0.587256842086923
-0.1486406535431421 0.9888912761847318
0.4935509812668823 -0.8697168670840514
-0.26285769514558777 -0.9648346138601938
0.28003697028563623 0.9599892162275792
0.9590365746377013 0.2832822770792145
0.9940663117592841 0.10877576855758805
-0.35695242670719696 0.9341225642643706
0.722659238857747 -0.6912044737221699
0.1979251589141134 -0.9802171348577942
0.8399569373252975 0.5426530599186797
0.2187742504327116 -0.975775500485437
0.6311293224859057 -0.7756776252403325
-0.6788161193242062 0.7343082977507642
-0.620788728693705 -0.7839779042338205
-0.9590945206481615 -0.2830860301439711
0.7513196662396361 0.6599384510100633
-0.6646313571637157 -0.7471714388777969
0.9979273284091366 0.06435096902303233
-0.5638097308665265 -0.8259047084138793
-0.9553582511614991 -0.2954498467382272
-0.9894336775470329 0.14498619843196794
-0.5407307386481345 0.8411957371985683
0.4877179828758081 -0.873001242369994
-0.5744407678362456 0.818546152790241
-0.9352683593955199 -0.35393939582026285
0.757547917911545 0.6527795585554766
-0.5324759731315301 0.8464451181486192
0.7861785771471302 -0.6179993890247092
-0.05450220466044479 -0.9985136502257498
-0.5898687452802911 -0.8074991413874414
-0.642004352795238 0.7667009919075151
0.011139505052810127 0.9999379537887231
-0.8641895287367399 0.5031664321293416
-0.6095135002948647 -0.7927756889299153
0.6800928386045026 -0.7331259993199463
0.6390159792146921 -0.7691934596109669
-0.8534838453959084 -0.5211193007826646
-0.875635098442354 -0.4829732646594934
-0.44867922456468234 -0.8936928742269546
0.7585909871722138 -0.6515671217772472
0.8407198291899168 0.5414703766660527
-0.9081023112369959 0.4187483639681787
-0.8008632151762729 0.5988473182519254
-0.9609623351877645 0.27667921922413763
-0.9587472394089732 -0.2842599706706397
0.46853500873891263 -0.8834449307036784
-0.955517963814914 -0.29493290902678276
-0.989962524476142 -0.14133011049604413
0.7529128563356078 -0.6581202251599296
0.9968768774538439 0.07897145812174056
-0.9537884595512042 -0.30047890845605285
-0.2028134165989772 -0.9792174008091613
-0.8966882274154241 0.4426626512532819
0.9977145968097368 -0.06756910028100235
-0.9333266023329748 -0.35902848546819377
-0.093961257576762 -0.9955758545056189
0.3076067487360528 0.9515135774817062
-0.93065968033174 0.3658859923594009
-0.7616485969187418 0.647990289133805
0.9979065908859434 0.06467175478054199
0.7225271275165879 0.6913425706569994
-0.9088613818678352 -0.41709829602779375
-0.9915048779857453 -0.13006950807346235
-0.5324461271538474 0.8464638927201024
0.4163053442552213 0.9092248678652282
0.24790422642102586 0.9687845449441237
-0.7777133159914776 -0.6286191200795122
-0.7390387121901375 -0.6736629586702412
0.31664701708795706 0.94854344474531
-0.9740389984231922 0.2263802764172369
0.8763467728926431 0.48168073829109065
0.6938763500100492 -0.7200941680757675
-0.9584945080072846 -0.2851109926324718
0.5979092384975567 -0.8015638106347316
-0.9700997095522169 -0.2427067232828635
-0.5696717306607553 0.8218723254167766
0.16797455767588268 0.9857913308472496
0.9992598702736851 -0.038467020428128156
0.8210513018813816 -0.5708544119816262
-0.8929482144968366 -0.4501594009091797
0.999154644655502 -0.0411095617020869
-0.8700988018591319 0.4928773427571034
0.9999236851516741 0.0123541034760013
-0.3914136442414043 0.9202148439911537
0.5271304936486213 0.8497843506830193
0.2537273196103918 0.9672757865693352
0.8903140163650062 -0.45534706792073626
0.29226687604875384 0.9563367990225528
-0.0995751717351675 0.9950300423474218
-0.9969155732421702 0.07848146167876402
-0.22645042573187743 0.9740226920795282
-0.9790598790183624 0.20357247676576887
0.17690231732484996 0.9842284135936628
0.9016798174027837 -0.43240433264305145
-0.9074482549038639 0.42016385455192584
-0.35493227896356727 0.9348920137372704
0.42511897757511435 0.9051374784558915
-0.9901718992233334 -0.1398556755675539
-0.24744043384590675 -0.9689031074870952
-0.9843175419485619 0.1764057159287675
-0.9489582891862104 -0.3154015938209264
0.9278315673571648 -0.3729994405029946
0.018711763378641937 0.9998249196290627
0.6174354544288304 0.7866215478959776
-0.8926803336100109 0.45069038372914033
0.12359492640996106 -0.9923327537503316
-0.8500833046538775 0.5266482461270927
0.14588639231798067 -0.9893013497091997
0.986071629095436 -0.16632120217540772
-0.8919317359757174 0.45217007680666255
0.7317574613283547 -0.6815651236604479
0.31665031026572227 -0.948542345395619
-0.6424195064791968 0.7663531677334056
-0.29974797097354455 0.9540184242965348
0.19252690138776954 -0.9812916957979538
-0.9161274088287645 0.4008872295205893
0.9831543573566439 0.18277721305087355
0.3099899847377515 -0.9507398221186953
-0.6959552073482043 -0.7180851964529821
-0.12516043111930797 0.9921365160511072
0.21783468272859377 0.9759856817600004
-0.804866591876547 0.5934557854474349
0.8087030425562052 -0.5882171273945842
-0.9816425153345621 -0.1907301027306228
0.571160118503594 0.8208386680895098
0.7799503202135828 0.625841431992745
0.983640543395398 0.18014239198147178
-0.9992466132738468 0.038809868084640264
0.48614905467423436 -0.8738759045993592
-0.49128664231191377 -0.870997953548621
0.9138618919662747 -0.40602517460352244
0.9348994467133841 0.3549126998784466
-0.8179005754553129 0.5753595820613993
0.5439816916034332 -0.8390970856821439
-0.1545422341506799 0.9879861830327975
0.17125601140584262 -0.9852265620441635
0.9965545211268328 0.08294025814807254
0.5194850536670975 -0.8544795369208632
0.5384351898906633 -0.8426669248804093
-0.12864774792739817 0.9916903533629883
0.5307737346360835 0.8475135648592679
0.5417993630204154 -0.8405078525693095
0.5836392354880706 -0.8120130804358391
0.9532321235041389 0.3022391746941323
0.15424351358182192 0.9880328630758869
-0.9930755953675189 -0.11747706961551206
-0.7772621564245888 0.6291768751235204
-0.5605022779163129 0.8281528822932541
0.9576942223964525 -0.2877877280018279
0.5990995865574186 0.8006745190067748
0.6296521955809449 -0.7768771541241868
-0.47184436146062836 0.8816818579044325
0.8123198895632427 0.5832121372364958
0.9907241649072686 0.1358882962907231
0.9994136771803417 0.034238894036867695
-0.21497665480024708 0.9766191877548257
0.00046906526777252015 -0.9999998899888812
-0.9880003948837122 0.15445135062416512
-0.1917504642987097 -0.9814437118048234
-0.781203277871806 -0.6242767324210841
0.9996913135936163 -0.024845070446063957
0.12433922866735818 0.9922397675029995
0.7431669551082651 -0.6691060280965265
0.8409162508766682 -0.5411652788303482
0.39156843874764846 -0.9201489867280891
-0.9759881312357965 0.21782370781633845
0.39633304803195907 -0.9181068102555916
0.9883314255692381 0.15231872252706677
-0.9838566808624675 0.17895818372538563
-0.4487155372893422 -0.8936746424707019
0.971962860350118 0.23513442559526887
-0.13733439905557843 -0.9905247411529119
0.0094212428657517 0.9999556191066004
-0.019222467513651382 0.9998152313016073
0.526581325846365 0.8501247598263942
0.8027459973805274 -0.5963211078685227
-0.9907893101724715 0.1354124914768137
-0.23167594760906765 0.9727930177069738
0.8444264165303794 -0.5356715664151517
-0.22586400690851421 0.9741588424806452
-0.943190669263901 -0.33225195471737173
0.9509775365100829 0.30925996354719765
-0.8823522116140338 -0.47058960322113297
0.764606347622589 0.6444975819778104
-0.44245350737029515 0.896791443879637
0.7897757866275212 -0.6133956364834038
0.9766912846183115 0.21464886338071415
0.23158211309118168 -0.97281536012556
0.05336821462821626 0.9985749013806609
-0.3606643840309569 -0.9326956642397188
0.984706959537523 0.17421883893071705
0.2703957338102324 -0.9627492649372555
0.017311535147414403 -0.9998501441470315
0.3880239067080586 0.9216493084807343
0.9524508407796656 0.30469229707708084
-0.9875252199225548 -0.15746091583916838
0.9846743719880903 0.1744029275839715
0.8998997775511068 -0.43609676720135
-0.41740978672868045 -0.9087183666808532
0.9987469633030542 0.050045012667873305
0.9414948693153138 -0.33702731499529853
-0.7800378561653808 0.6257323253188353
0.8492438592692892 -0.5280008214893264
0.9985359105240665 0.05409284050476058
0.034239672196227096 0.9994136505210918
-0.944301151200718 0.32908256690532667
0.060822411934467975 0.9981486032683079
0.8838256843427066 -0.46781637390769726
0.5449704534750276 -0.8384552491571764
-0.9908157117334006 0.1352191753496335
0.9962276712063943 0.08677803364149396
-0.8251953090622364 0.5648475032269153
-0.9964498595126363 -0.08418834525780526
-0.9104869400707173 0.41353782409915296
0.32532587566594445 0.9456019641594376
-0.16638272001082402 -0.9860612508773478
-0.5077778083788926 -0.8614880714890535
0.9637990758714247 -0.2666295957867163
0.9730928971111876 0.23041313676037584
-0.9995629945754473 -0.02956044443787024
0.7348061402269764 0.6782771824886439
0.9633902070146722 0.26810316862772665
-0.3927194791804718 -0.9196583119138428
0.49293706201513493 -0.8700649705004144
0.21501085613338816 0.9766116586160476
-0.4584316418182273 -0.8887296719362106
-0.9185579819453165 0.3952862681709897
-0.18867502482973728 0.9820395791440882
0.20352527023367886 -0.9790696933192795
-0.8419119073921884 0.5396149925560327
-0.609800297152665 0.792555106975232
-0.38574289404151774 0.9226063189120668
-0.7316244724829555 -0.6817078782470077
0.4135766321217189 -0.9104693126969499
-0.3654407724477289 0.9308345942393886
0.36881317196160035 -0.9295035471624749
0.861700756199306 0.5074167978748282
-0.34026069682309296 -0.9403311428414265
-0.950685647353433 -0.3101560896003559
0.8439024722706783 0.5364966144305453
0.2556436574397294 -0.9667710796309736
0.25471610633259295 0.9670158763819564
0.9832238702751972 0.18240290820341154
0.7501995450432496 -0.6612114961318363
-0.5617400327648094 -0.8273138072034038
-0.4631918285618113 0.8862580493025525
0.9952766447964916 0.0970793506500648
0.9904917077007146 -0.13757244264794533
0.2246189140178175 0.9744466857994112
-0.3444217413332547 -0.9388150318869892
-0.27038598857345747 0.9627520019107486
0.9358431503666857 -0.35241679572880286
0.988372541479507 0.15205169926488857
-0.5611826691827068 0.8276919788236278
0.9336958706311995 -0.3580670623867077
0.5849907849599116 -0.8110399382964975
0.9384461033208872 -0.34542569557264086
0.6942469326779318 0.719736893918384
-0.9064266875545014 -0.4223631850540175
-0.10682342445686155 0.9942780073939628
-0.8686533282657324 -0.49542042276521653
0.5807301311973675 0.8140961335858857
-0.45298708586119074 -0.8915170778190321
0.40712797638580783 -0.9133711243760649
0.9272195354367698 0.37451826805166766
-0.8176145353917657 -0.5757659867655498
0.6645547502594076 -0.7472395759779166
0.7522564857767353 0.6588703814915621
0.695523456868884 -0.7185033896546054
0.7682921010651359 0.6400994043435121
0.9467966595294853 0.3218323872822744
-0.6356734959725837 0.7719580341689525
0.9638272709749901 -0.26652765658539657
-0.7341990648971447 -0.6789342627266342
-0.44413426192543587 0.8959602431938307
-0.726026248604532 0.6876669879652726
0.05142791575221034 0.9986767091914097
