300
-0.9834534629553984 0.1811609400534089
-0.25553967440583636 -0.9667985699226903
-0.5139079564062699 0.8578453312470329
-0.9203012364947898 0.3912104728993856
0.6472364000429841 -0.7622893430052649
-0.8849315446952974 -0.4657211195588995
0.9402886127883894 -0.3403782082632295
-0.24151439055724264 -0.9703972378123115
-0.7846907449350671 -0.6198874372119906
-0.6069165988739604 -0.7947655264361082
0.5146273392423043 0.8574139616920092
0.23795165369045376 -0.9712769998851916
0.2089331472193823 0.977929925911363
0.029021659233508558 0.9995787829357594
0.18914057252692254 -0.9819500210419001
0.8252275799197056 0.5648003552936789
0.9924655605795542 -0.12252392037276362
-0.9995246767724733 -0.030828891042056262
-0.7661021229555067 0.6427188632699882
0.9857593562909343 0.1681620988358641
-0.20789634503890242 0.9781508624539804
0.9103517703264666 -0.4138352984744875
-0.5821748115182053 -0.8130636437781129
0.884806085811624 0.46595943011244356
-0.15144219444938187 0.9884661156257991
-0.5476643766259667 -0.8366981119704354
-0.9907353004454204 0.1358070854238568
-0.9555967982005527 0.29467738167163793
0.9370069872048343 -0.3493106152542741
0.026741790449678577 -0.9996423743737285
-0.9905056016439052 -0.13747237217726857
0.9688927437866416 0.2474810114687456
-0.2896593066069876 -0.9571298167416785
-0.6615873725995056 0.749868087343956
0.8573639762212717 -0.5147106102248629
-0.3639046540633275 0.9314362043377152
-0.9927759960814226 -0.11998258875578223
-0.9751211859162772 -0.22167244478561868
-0.6959225246258233 0.7181168705151135
-0.8799081808120074 0.47514376070838144
0.4199837347049297 -0.9075316317260238
-0.9525035656471486 0.30452743296699586
0.9428977599998773 0.33308229341592704
-0.8075257270452125 -0.5898323491977199
-0.9362558781156577 0.3513188447747696
-0.6296490728253251 0.7768796850801342
0.9016534643433929 0.43245928159487806
0.43641629102553253 0.8997448643518438
-0.7479775398319387 -0.6637240389702338
-0.9533508767080725 0.3018643832583591
-0.4649462620089774 -0.8853389031573612
-0.24635138260826928 -0.9691805798131709
0.05352707288365049 -0.998566398627807
0.37602209445557777 -0.92661069737039
-0.9999697831095326 0.007773857978795529
0.49742998157343615 0.8675041287693396
-0.9806586931705904 -0.19572564346285803
0.44235454438842103 0.8968402628444557
-0.37641717576577044 -0.926450273780801
-0.9347129110417156 -0.35540367743162415
0.9991562858453422 0.041069653708557134
0.10340526766436801 -0.9946393067938047
0.9926094615634632 0.121352613547017
-0.9743888718004589 0.2248695766692974
-0.9419681255729757 0.3357023240976069
-0.49467441375307075 0.8690783764299143
-0.6785944002654059 -0.734513199288096
-0.29073669399795454 0.9568031013553101
0.12188031505372614 0.992544804430714
0.9476719230060818 0.3192458713060436
-0.877453337889448 -0.47966200581937507
-0.3921798015670981 0.9198885819721818
0.7652469229544698 -0.6437368615425993
-0.224533700827215 -0.9744663242990158
0.9932602460429111 0.11590549439425099
-0.6160921428476015 -0.7876740896598355
0.8911334406836843 -0.45374132597247374
-0.9997661429292048 0.021625435312629657
-0.9859623960584161 0.16696752246693705
0.5955247188433734 -0.803336983616789
-0.9530160482352331 0.3029198108511556
-0.5582884363879693 -0.8296469259844674
-0.8540447940993569 0.5201994710414335
0.19842912368423635 -0.9801152395886445
-0.8874453536931535 0.4609129464534857
0.3984760090817887 -0.917178755852015
-0.7961903192272058 0.6050462590322165
0.9743993774840753 0.22482404933335426
0.5977840889218138 0.801657148057645
-0.7458382159416066 -0.6661271317406621
0.907139957387283 -0.420829059965443
0.9845650426887271 0.1750190752899379
0.9881788336211403 0.1533055536605332
0.3030548439792089 -0.9529731169034819
0.06426820310773895 -0.9979326620916376
-0.8928405551226408 -0.4503728934208791
0.9953699840634165 -0.09611760934185819
-0.9957283667194728 -0.09233103329959533
-0.040752761175771125 0.9991692611647691
0.09208026848382549 -0.9957515875739021
-0.9729386567139284 -0.23106356327144392
-0.45179504541763477 0.8921217612725728
0.18733054713177288 -0.9822969337788399
-0.5783990167288673 0.8157539932155279
-0.1468930718515315 -0.9891523772614716
0.5171147984965455 -0.8559160503086019
-0.27644762853098453 -0.9610289843077547
-0.8351873458873484 -0.5499655418929867
0.1188254956718892 -0.9929151532625181
-0.9024200991926158 0.4308572438443962
0.528020706054173 0.8492314961057749
0.4713327412825553 0.8819554676938466
-0.6197377410139832 -0.7848089782634275
-0.25426898319272356 0.967133539996488
0.9887713782888361 -0.1494361451483386
0.7112627348463298 -0.7029262564586127
0.9003658050223717 -0.4351337922368434
0.22344786747671827 -0.9747158819471995
0.9994440905522369 -0.03333931403331655
-0.5403677091516359 -0.8414289862526801
0.9926395197779352 0.12110649765817783
0.9188111065672552 -0.3946975429979976
0.9963053098452201 -0.085882067826874
0.8054166039281504 0.5927091142515398
0.8070228465289034 -0.5905202157254111
-0.1717843463067136 0.9851345788083855
0.17441678316765724 0.9846719178231125
0.05651742183470871 0.9984016130942285
0.644411339417613 0.7646790343863221
0.4884621081632906 -0.87258510696016
-0.5688950313163498 -0.8224101430208466
-0.9875683349292116 -0.15719027910511665
-0.3852954419892014 0.9227932717474407
-0.5378418610584927 -0.8430457475683849
0.8610665363440877 0.5084923008152591
-0.10050283724922174 0.9949367717120804
-0.10972361189155563 -0.9939621365995142
0.8402601374042082 -0.5421834574103687
-0.9984078322382569 0.05640745097329497
0.9423171399376443 0.3347213882914236
0.6351459057145674 0.772392179177147
-0.9297550682358379 -0.3681786429028339
-0.24653588324067538 0.9691336637815963
0.6711649353035627 -0.7413080531189206
-0.6003103741158348 0.7997671253114287
0.9953410872595023 -0.09641638871619128
0.5085220844522425 -0.8610489472871715
0.7021252363333044 -0.7120534758737587
0.9291809867913153 -0.36962507191141336
0.1303651283282417 0.9914660525282553
-0.99739303546493 0.07216046567236721
0.29724975003868254 0.9547997623072288
0.3010419907677739 0.9536108848972812
0.47549511537344125 -0.8797183613270771
-0.29562266422069167 0.9553047892683572
0.7013329978065105 0.7128337998353705
0.2618599034499892 0.965105896244118
-0.3027918910984508 0.9530566985678365
0.4302314538247616 0.902718614043065
-0.9182181588322678 0.3960750090458628
-0.21664410269417697 -0.976250650585102
-0.9458718883371438 0.32454024535260007
0.19714686366400336 -0.9803739664778165
0.48583760805227494 0.8740490939312529
0.15558453176096335 -0.9878225819835876
0.43597530588601646 -0.8999586283033206
0.23671570875692938 -0.9715789588230617
0.9988556432831159 -0.04782681132453491
0.49695911160872697 0.8677739575425532
-0.3161012444018291 -0.9487254625483682
0.8992689728323385 0.43739606136895054
0.9990202727930827 0.04425488163394757
-0.7977723526735373 -0.6029587658453348
-0.48268291342708725 -0.8757951844384274
-0.4170107928492163 -0.9089015340768591
-0.9071693895991737 0.42076561001852636
-0.04068916776713245 -0.9991718528993989
0.9999606371735594 -0.008872660449326664
0.9989797140083831 -0.04516116694383685
-0.9002006350579317 0.4354753915450292
-0.9769231201933762 0.21359123865842017
0.3315313398773946 -0.9434442064473656
0.930686261380673 -0.3658183741657403
-0.40309080713573436 0.9151599866704522
-0.9399169085719846 -0.34140328788762947
-0.5008754183259827 0.8655193904914966
-0.08330496652362786 0.9965241003370151
-0.220454995016551 -0.9753971474083019
0.9990409286743143 0.04378610320140141
-0.360940315015793 -0.9325889174745217
0.8676267237172492 0.4972161182943207
-0.5831492917616772 -0.8123650063351168
-0.955545754382076 -0.29484285862538584
0.5830418091875994 0.8124421510109202
0.5113935410767778 -0.8593466391072662
-0.05984879018688474 0.9982074545469826
-0.5666573058705294 0.8239535773959314
-0.1589416711660195 0.9872879747910196
0.3885643058834393 -0.9214216082734987
0.9541929690840566 -0.29919187447280826
0.41725196500432854 0.9087908437589073
0.7187119018815923 0.6953079908168354
0.8392784258302036 -0.5437018704547332
0.06967396776231295 -0.9975698162115052
-0.6258592924844526 -0.7799359884060104
0.7366084036153302 -0.6763194953003164
-0.7545516623595734 -0.656240648566061
0.9985167552136076 -0.054445289582188305
-0.8345047340420442 0.5510007702911287
0.538023925608044 -0.8429295673265411
-0.812529582462744 0.5829199581614263
0.6931352360754057 0.720807564132544
0.8764276639578483 -0.48153353969312335
-0.41963392896854396 -0.9076934315386572
0.7116372518992711 0.702547095723307
-0.4268539298831813 -0.9043205861547574
0.21339633531859364 0.9769657128439024
-0.41671264267130875 -0.9090382684122238
-0.46331343686384213 0.8861944816017614
0.5009925126993128 0.8654516174918323
0.34691240007596363 0.9378975352742615
-0.9560146864263608 0.29331880154041806
0.6920371017782029 -0.721861932617606
0.24351199439457225 0.969897885648782
-0.7268199157879408 0.6868280789353406
-0.7322721894277681 0.6810120708112765
-0.4825103277424845 0.8758902805841837
-0.9900252466568489 0.14089006700986945
-0.9555837702957807 0.2947196259961334
0.9228075150131402 0.38526132719917916
-0.26440121870200184 0.9644127723899638
-0.9826559065864652 0.18543831656573065
0.1316319756145302 -0.9912986547937084
0.2777238937953957 -0.9606609385288463
-0.8001099563266507 0.5998533635706023
0.1337011349147523 0.991021698310641
0.9642501560027834 0.2649936539779921
0.9720582938760022 0.23473958615213542
-0.9906061169040227 0.1367461924600969
0.44415280423716025 0.8959510513907927
0.9415732311893769 0.33680832873846245
-0.9692176129357891 -0.24620564326402214
-0.7267822413379019 0.6868679448597494
0.3545664074977556 -0.9350308351461654
-0.7434479734274316 -0.6687937730022947
0.9229602686953062 0.38489523562898015
0.015516403242249458 -0.9998796133687414
-0.9486265954781313 -0.31639782292482643
0.9396374555507714 -0.34217167054867664
0.6880458522969604 -0.7256672137674054
-0.585394112146663 -0.8107488720090951
0.2919583437132408 0.956431035431317
0.773296936030034 -0.634044043207222
0.9636315898110358 -0.2672342775885151
-0.6353784967861322 0.7722008584699935
0.6194586176748442 -0.7850293121841828
0.7214341359768072 -0.6924830593215965
-0.8571640788080976 0.515043437004167
0.8525712112987804 0.5226110692135504
-0.26792112504836924 0.9634408496388432
0.9165214502775273 -0.39998553871506165
-0.717092028275018 -0.6969784953529203
-0.2519796329553086 0.967732537727087
-0.9791436775192262 -0.2031690399005852
0.27017142513335796 0.9628122356105631
-0.5834099887279146 0.8121778038413107
0.2803659955520341 0.9598931755868029
0.8908465246850953 -0.4543043797460991
0.9485930891706109 0.3164982640991217
-0.46252709965531574 -0.8866051444044534
0.9730998732983811 -0.23038367256963885
-0.9326371671007387 -0.3608156240274369
-0.9380206770696164 -0.3465792974051657
-0.22538558422172908 -0.9742696435920756
0.995286298785161 -0.09698032506923894
0.5175628737029909 0.855645178660116
-0.9904214120013624 -0.13807761096292073
0.9275374878955237 -0.37373012796463334
0.7775697917663382 -0.6287966435442013
-0.8928333769156802 -0.45038712355632776
0.935911404594052 0.3522354933148968
0.9525372611416717 -0.3044220197960765
0.6782880321528062 -0.7347961250838724
0.6265838849819036 -0.7793539857349704
-0.7722347673592229 0.6353372837175911
-0.9261596031348764 0.37713179330447355
-0.7139130018639995 0.7002344077303921
0.9177343628246705 -0.3971947120629832
-0.8387680605754229 0.544488880105502
0.5046532330901518 -0.8633221382147321
0.9997340731854 -0.023060418732738872
0.9908554493487317 -0.13492767876133874
-0.9466714144936198 -0.32220060983903953
-0.5023965697274957 0.8646373151362631
0.9078535954764078 0.4192873110178257
0.988693424936592 -0.1499510302970662
0.3495540713533557 -0.9369161921966623
0.6353997034975158 0.7721834087801089
-0.8212072185722465 0.5706300939880706
0.23594505366310098 -0.9717663976758594
