100
1.4626878201422822 6.337996987886272
-1.4626878201422822 6.337996987886272
1.4626878201422822 -6.337996987886272
-1.4626878201422822 -6.337996987886272
-0.8887303004583385 -3.0664349370374975
-0.6359690471429602 -2.45832640566486
0.41504315883937926 5.028492215088634
-1.1835622601090365 -0.42548839219359724
1.1247428557519858 3.5301253690761305
-0.28077602589984574 -5.745635486964119
-1.023476012166627 -0.8027531386224185
1.352381101883479 1.483482031263982
-1.4013834587731202 -0.5912781810784589
1.4455387855848627 0.7349614236809368
-0.6060270866946413 5.143658865923258
0.8779206152622197 -1.2956386906074693
-1.2463352687701768 -4.41898033461988
0.42884313833633003 1.07452463403202
0.670254043182948 -4.036398207422092
0.1078670692698287 5.2251650694688605
-1.0924986353711925 -2.8753952320378047
0.22249317292553217 -0.6128996908710667
0.29348376898022277 3.2765790900291636
-0.14559206051611406 3.411302792988999
0.08496496931307052 0.5709140821405789
-0.7571837783209405 -4.182057433124342
-0.40485183162380456 -0.5619783307152959
1.0359238478508022 -2.3601166248910888
-0.9762038413942041 1.8512031572033765
-0.1636707729545448 1.9086750277611033
0.6801564437899523 -4.217328804134588
1.140987653764921 -2.2820595746976995
-0.3959115551139021 -4.202850390177143
1.3851095775303055 4.95241972671687
-0.09634503215640677 0.8552377229749872
1.1207371303958211 -5.072335743890086
-0.40862573110934 4.73657792424378
-1.337499073382132 4.830074365065877
-1.0113288641545084 3.0509727726682607
-1.2853689743685732 2.741751909506509
0.37736127871867575 0.6275163245226221
0.034795433934711184 2.269338399328105
-0.9239754028630731 1.8165693268267065
0.48847098049614335 6.332603683114487
-0.5364678410214865 -4.568266830593992
-0.3655954110054611 -5.308524486932536
-0.3757778291964582 -4.087811134560178
-0.22679616081972287 -4.895117790830399
1.1749103576686573 -4.73845325199984
1.2578257306112388 -5.835881586858818
-0.12588067471911168 -2.4809869652643295
0.01515674974518988 0.1992859256940669
1.4545570188203618 1.4843317159068707
-1.2209768145154378 -3.6767066905873382
-0.5473434772689203 -3.7615204329312864
0.9086581661969275 2.967714557434097
-1.167916271574925 2.0910338075983317
1.44198366699978 6.15197761752792
-0.2835457908379757 2.422748234958969
0.1459621101336095 1.5579805524090888
-0.5158697019885793 -1.4131775245526104
0.004515957770517387 -6.296409242690783
0.4129382418755232 -3.5708919593710964
0.09552470259234247 -3.346276979919697
-1.0626059893513455 4.5540146138632
0.0021754765603225756 1.7823704987798932
0.8753666993722973 -6.135285202744746
-0.17140459755139537 -6.09051008002656
0.3081973900862607 -1.4348088136917116
0.933880344937698 1.2939234208976833
0.3859906342734156 -3.187504528630008
-1.2169863099829716 -2.0950408259133884
-1.0917771854365617 -1.6436978607575936
-0.06838858402243786 4.601165060399716
1.3121758868246458 -5.514983298337652
-0.6282506297208397 -3.303348813485839
1.0080379584744634 -0.5616204051453177
-0.03404004555244211 -6.331302338923028
-0.14442642154837193 -3.21841094504894
1.4443952686677275 -5.989274017641626
0.33836487007635485 6.106492407850021
-0.9912648924738191 3.094780178223025
1.1514068573700624 4.392624683590122
0.7148828013294051 -5.620010054265348
1.1834268048660566 0.9036823114076693
-0.21193199180609112 4.4825184644986455
0.6540069759241496 -2.068976673960238
-1.2652877824195559 -3.0428747619436196
-0.8399464341292247 2.2375661819195534
-1.025232843267316 -5.330763425832913
1.2885247785264256 4.023222515178987
1.4243225523817562 2.998873080135424
-0.43801771351593355 5.590610682199146
-1.042463150528583 0.9901061454878839
-0.22895080994697348 1.043393667030105
0.9399164168143594 5.2714580035053205
0.8143423985489797 6.301942396868053
-0.734957441368929 2.693806126360447
-0.9594062617760487 -5.3754543570988655
-0.19966970140194507 -6.144522055914802
