1000
6.328554351514411 5.204827165078911
-6.328554351514411 5.204827165078911
6.328554351514411 -5.204827165078911
-6.328554351514411 -5.204827165078911
5.783235562701806 3.9207679345792963
-0.033698154249864665 -2.255166463789461
-3.5340916689018393 1.8251208537902883
-4.573717696635924 -1.2932064839785031
2.7341746844120323 3.9511330629203245
-3.645871671475789 -3.0440693007249906
-2.2369510314580605 -2.264756784757012
4.306130471634141 5.071951689549901
-4.105511264560455 -3.58992160999151
6.013509516327819 4.364081007367969
-3.1709293048058464 -3.1854344035132383
-2.9319789399413465 -1.5385092198475885
5.646999658099473 1.4865279673993799
-1.8670292905750596 -1.3535913033326668
5.296083890877812 -3.0057870530690236
-4.021526355676322 4.180008604238158
-1.1781092604697783 -1.5635131882593898
3.980540377592945 -4.991328606913714
1.2615744191268572 -1.3625047137104724
3.5068446375073457 -3.5577452032014527
-6.136210441548685 -1.5452894957060703
-5.725098007454948 -0.8161884795487806
6.328087995198478 -3.208430552386203
-1.10566891148782 0.9351731410084296
-4.635653732451674 -4.9174547729936835
4.79308229987304 -1.2014877415339562
-3.8393870560987082 4.328457608733847
0.43564384153041136 2.0127437281451455
-6.010267343439316 3.9874747095561913
3.70030986928659 -3.979213832700501
-5.803057816756448 -2.771567227022642
-5.062954694847967 -1.3771011773810429
-6.3167471646856335 3.6954527932159005
-0.522216865451111 -4.564748553576125
-1.7323486757941167 3.7969502187136923
2.755786834438277 -3.655276536117155
-3.34230443159468 0.7050474157459528
-2.2775567169267257 3.5476295982973722
2.768464545633824 -0.19305637709983792
2.302052515349887 3.5985792609150584
0.3633305951806314 -3.546643460011505
-3.5547801204643075 2.378321296456761
4.014667306531367 2.4035435676071533
0.47656782696945665 1.4622118292360806
3.7666168612994646 -0.36319980495896687
1.1297299376583076 2.330338620251961
2.936702570744103 -3.585829187986178
4.87522713597501 2.918640682459672
5.089061107409531 0.6784474310292747
-0.3256021890825025 2.7588776563221273
-1.220976696862719 3.5558442931575795
3.131377884195876 -2.19743208087802
3.8358099748251426 4.347301104111293
-0.877065939087224 0.5920159715195812
-5.12023748752315 3.6579205422815475
-0.9682534015420687 2.6767393724651223
-3.266830484638759 -3.125188061942678
-2.6807199342292343 -0.6241117245351804
-0.7701459512524886 -0.6558732379688648
-4.860375077504983 -4.67652603294711
6.03968955853037 5.038355644595543
-5.2962634603344325 3.6532612007239598
-0.9674425763732 1.2594068969488417
2.153356195338068 -1.0248913467060143
-0.9967148103349226 -3.8354286589946387
2.598787754166379 -3.1261994676051827
-2.6285083536728706 -1.6059307852882996
-4.54205069991116 1.7407932987381818
5.0312118914157615 -3.6186905179586155
-0.8731966598615548 1.6204838665303036
-2.0399555304560897 5.184006694550146
-3.8675025803286918 -2.6779132840610544
5.201197888945812 3.2313941383954576
-1.2571885862251717 1.3586692062193029
-3.497433428322655 0.4619930939155674
2.329695482599309 0.17346381851248083
-4.8251817965754125 4.614635551106573
2.8184766127653624 3.3413683054262124
1.1442170817707886 4.712963466261933
-2.5834227619891452 3.091467330892905
5.191306580336807 0.7254844743513766
-2.6243644426964488 4.571692567953579
-2.042555021824991 2.244293224985399
6.111322509387508 4.093119778612343
-1.317620360404499 -4.7150223889351635
3.7453093007353466 -0.2997560120542726
4.695537145423657 -0.2920103400277432
5.799364713128821 2.161878212091864
-6.299558319333873 1.4519604845269747
-2.1134733227480282 -1.8406304827345905
-2.151098189563987 -2.392696361849748
-2.842971916325377 0.605768622986278
-5.3325837812815795 -4.934752516088797
-5.392414538644582 1.0969263035329133
0.5074016584242615 0.09316927671570951
-6.270847080040708 4.222413403751378
5.786328637207557 -1.6471749129309554
-4.064817280063323 -0.6227408830280066
4.012138021786287 0.39444993908569703
5.711027191368233 1.2060988594630082
-1.792810399599401 -4.918114764399981
4.770992093762663 -3.30308774217987
0.06307685220374282 -3.3153845322068136
4.932259529773395 -2.363216702570858
2.7418302368292515 -4.13735745695718
4.9398845427249345 -0.23440988496681658
0.8154840223726794 -1.5803160416177526
-1.4563036760945698 -1.0925082055732354
-1.4183667046640105 3.81695224999316
0.014670896193068828 4.946684286992551
5.2831036088510555 -2.0903951887222862
-4.579185086308181 -0.18833803311440978
-0.8089674047077366 4.991161968791501
0.008913188181225884 1.3529104510042123
6.094306829082637 -2.8090758473649973
-5.285589011828318 0.37240014047570735
-1.5415019186937444 0.0432561547276471
-3.865394589458553 2.4471435723056496
-3.241897321413647 -3.5845583553032743
-2.5598492503806765 -3.829785309942112
-1.3247086112102053 1.9394615580479861
5.426039017677015 -4.896429143518132
-1.0404151459319229 2.3775288622556348
3.7607449595609843 -3.23841070887553
5.718923625003754 2.600167678924037
-5.482669223752699 -1.5040537576724962
1.185032721221635 -5.176347246499724
3.1410105428350796 0.7608324861498241
5.081822625655212 1.8659954222388002
5.494116570910913 -5.164638636423526
-2.7414388900665823 -3.0228879950136482
-3.776636186326978 -3.6736917627480548
-3.0741586222112467 3.6972184611952406
5.174112782163785 4.658793983772438
2.712965794001157 -3.0425108056562276
0.3964352551557546 -5.057702221722132
-3.4415451676174498 -1.0266123681624029
3.5990281017247145 0.37212359577118104
6.083839701967008 -0.5841261182477151
0.7990370112458223 -4.972437040308326
-5.597738435029622 2.8365873044055485
3.535586085566301 0.7938684286191213
-0.7671970407575976 -1.5991714887979525
4.061179497999234 -4.892725958757768
5.403434464119135 3.205235637566431
3.3898641444526554 3.9686009102573925
-5.8585336287405445 4.569483281167568
4.405250552285121 -3.409755841810333
-1.730260434130491 1.1296450236489317
-4.858622746698805 1.3217551610001923
-0.48015265846659627 -2.694382251357668
-4.927833375448044 3.3122794584324806
5.871296716632029 0.6029125744593671
-4.104911262058567 0.12957939037264588
3.799908183847295 -1.023636324678023
0.21074246146228948 -0.8495770627885104
0.8511792246101662 -0.4387094136004315
-2.1450607932271533 4.5283371985061995
5.098791858678062 4.864990222521292
-5.972437473265074 -3.648687492546812
-2.6769680262209934 -4.612203095124874
-2.251011317389503 -1.2244124899711748
3.2638164725296797 -2.4883432713516047
-6.306228895641047 1.259139920073217
1.98490664846374 -1.4959046810045575
-3.4712560721604606 -2.7763111108052088
-2.0670733948682365 4.512949293872448
4.242931320825345 -1.2402474631214844
0.1260884214745932 -3.169950299942818
-6.30592056147615 0.6309508239025838
-4.099863204905706 4.714293266097022
-2.9277093460314005 0.5075012471512972
2.815049004775819 -1.0132912325405226
-5.861505603197218 2.858067980891639
-4.5793895066594645 -2.3598662295835457
-5.0800031504457 1.9619774163679349
-2.0023515925005686 -1.9203214756670595
-1.0193685141298072 4.406875014781597
3.2973394423932234 -2.454704485979276
-5.8280294963636265 -2.7324894885017588
-5.796964342499429 4.639545794401232
-6.318730027138936 -0.8174383159670526
-3.06278944198289 -1.3733828321446175
-3.3232736416525395 -4.533834653731538
4.984276878040827 -4.631834633541002
-2.624757457809848 -2.133184908754078
-1.2593330024814566 -3.051176936260978
2.7678296777288587 3.3572355690044864
-5.541221336660404 -3.251332348272627
-0.5294413165351974 0.7804323326273268
1.9390995485252027 0.5793950106485104
-1.2855154541765108 -4.644136359740119
5.276564619592884 -0.4620294708534063
1.8980476335114354 -2.7060944110507927
-4.153212912054926 3.4972372003859293
-1.6786992167557484 -3.8275347256421943
3.234286118725178 -2.752887549571175
2.411927647341942 3.089290845586823
-3.322319413724755 2.373389949553138
1.5000223252475724 4.0939553079727675
-3.3460152527696008 3.044960853700606
3.4707096430528033 -3.3484964928981316
-3.8683158482418043 -5.161243778842374
-2.9022545905812027 -4.501998232027567
3.289075957832198 -1.9793537504550462
-4.74393245512846 0.35862827487772986
-2.146001288758897 0.3693265734864877
4.814293492183802 -1.787178481473095
-3.8155828829565537 1.6065481955358312
2.889317946000059 4.287162150714347
5.235271853813847 -0.6744193253127504
-4.763499437688326 -3.7907534027249308
2.0153085858625417 0.6048919172418961
4.594120258435456 1.697830534985779
2.757347867862814 -3.7827900200871687
-1.1080641112653034 1.268117235346712
0.539763342269703 -3.530706015296076
-3.653840191304407 3.500219527075738
1.5307138709593593 5.084385275327146
1.2001131295357181 -2.2500674697113867
5.670663077729918 -3.265807071272433
-5.417284301822675 -4.832585541109389
-1.302572305972399 -3.658904199727949
-3.4288073604549725 -4.215750046904994
-0.17714200164270721 -1.6558973439133986
-3.0918757941763575 1.2892670384553728
3.3214901450449457 2.9348938067108152
-0.6347314582555255 4.022989442676846
-2.2763787193139278 1.9685923639259153
1.6264717724512083 2.562684890277498
-4.344301738296361 4.953420392632434
-3.7045476684341283 -3.9527499181807144
-4.297147044744598 3.7384129156122343
1.3293110508645531 -0.7906806671935485
-4.378093347764789 1.217935859049856
4.317563622372143 4.607625993579908
2.1018654069640608 4.594426516522071
-1.0242103788923353 1.8170285991494906
-4.562022897811461 3.736427610582303
6.206097795203409 -0.10664153638935314
-2.5981136542928596 0.13652274209283544
-2.307527118164516 -2.772262022251496
-0.7163342637095509 1.1411281355247356
3.860274344694419 1.795238208892873
3.0203429871493057 2.9956506215709036
5.21530303990637 -0.33346968355212603
4.780675108974455 -1.9723307553872833
-5.326935890285059 -3.15539153194654
-0.4901954263403976 -5.103459713543491
-3.811006837998162 1.5022654761228962
1.0758618570567462 -2.3169922067324262
0.06536686269445102 -0.3177854140412686
-3.380691557530713 -2.1477538758663512
0.08061082806738984 -2.1270330548841185
4.74806899923081 1.370980289293927
0.6334011017083165 -1.9712529021889096
0.16255716863470226 4.992911491571189
-6.321143584142558 3.018193323098468
-4.486544101618973 -0.3839885288944478
-0.32413522230112424 1.1112646814602272
0.6211939561597877 1.242977528611613
5.71579816841834 3.7782964566083903
5.939288298156145 1.1228222631022247
0.8760490281203408 -4.588269045921964
4.522150623384466 -2.676670753351996
0.7275128788143483 3.4273360115988973
-2.7992980723940715 -0.4480466021257774
-2.3708000661010282 5.127824836926744
3.8582232420433495 2.699480734886598
-4.9797456328512 1.1274559837699227
-5.866709252397188 1.8879775301529982
0.452132592703161 -2.9409859913462877
2.453454059601519 -2.051253133845862
-1.7549112154089723 2.201402864217658
6.1622897690240475 0.9703917634594292
-3.8539107484420585 -0.6978592646429105
-2.461187572293242 1.2461255316008195
1.4457496754580266 1.6944643726740738
-3.053203078051435 1.7007825160234242
-4.02913050330398 -3.507440558484264
-0.1917862841147624 0.18216317343810928
4.721562798988339 -1.2164307792809668
-4.7094221566903025 3.4954545713030933
-2.067507999215538 -2.186678123260255
-2.742798118936567 -5.131378452135604
6.194443298284638 0.3531488680697512
6.244825937933614 -1.8892872404016203
6.018306888808549 4.225775546052829
3.5577312023018717 -2.4946962610209646
-0.29319107267823075 2.2296450685777147
3.4540289898963827 -3.410972921834842
0.35526730561375697 -0.6348694299655326
4.262770318559996 -2.53396746713921
4.053639910045609 0.5970575531045883
-4.648209436045488 -2.6126555894641745
1.6694722205736499 -0.2579157473362015
4.2632229139203375 -0.06887226462492801
-5.049373107216281 4.981641496009725
-4.226314646519309 1.9113605320959541
-0.1391708970192429 -0.0223313901214075
1.5147803040119436 4.0126805157973715
1.1830152147563044 4.448963624113071
5.883576046865972 4.109395045291756
0.2669950617865089 0.17425310708421105
-4.142073542544978 1.6838040021592935
-3.4037681211664306 2.88086835309342
-4.711677013562077 5.05748735534872
-1.0352337289838447 -2.141519764717737
1.538210369596717 -2.080395854662966
-3.017706854434272 2.220540183998919
-3.9142888233800828 0.2427564970867122
3.724012975168293 -4.057750290481218
5.352374064477807 -3.036554453568012
-2.7156541998045003 -4.550426032220068
-1.9533317864698843 -4.411456329987952
5.6436644383370655 0.7200954056670241
-3.5363633751556685 -3.589810060557233
-2.7314665904605806 -1.3591548133601448
-0.923751238870139 0.6668837476042437
-3.046998800472974 2.9513910383680786
3.5404232546762557 2.998808857755807
-2.060043410271552 4.354824619261891
4.151194021119252 -1.8242517037963357
-1.1049863182678692 -1.9008444864304845
0.886641664735885 2.2211257548999566
-1.5503157621003423 -1.7584374450172513
-4.752834615814768 -4.389967366913682
-2.1258618943914573 -4.978032200514034
4.457730411058989 4.07224259687684
2.212795262877334 3.4755937812889544
-2.269825735186621 -2.4554696356065118
1.9486062073651205 4.570519194194367
-2.332694774772116 -2.789771300333077
-1.7820034615437539 3.7501267331082646
3.576263654556179 -0.6650709731510407
3.3738424069460233 -2.64618865487534
4.1304370030572635 3.995124885342988
0.253330291724871 4.815941000026659
3.9612751711690297 -2.6667789148531833
-0.9374108515497088 -0.3174867043922891
-5.258131287732846 4.118414975778914
-1.4578204552883784 -0.35128224616515524
2.969145550708605 -3.3042848631030104
4.774998703536319 0.13500381531699635
-5.182209731675174 5.177186841874888
0.6871565873662853 0.7531446516043978
2.2444243558904624 3.586232285521377
-2.4009157711649745 1.803363092294087
4.106746407885524 1.9645959266289221
-2.5871685342127204 2.20248938938484
2.406744530369531 -1.443532575935238
-4.6316068648971305 3.782945083775746
2.9578026649012195 3.1044083493927426
3.5435381949876223 1.9932680963869434
-3.910232173893115 -1.314010936151158
3.4151400624231645 3.698437757620927
-1.75338606791568 0.6980582874305439
1.5556843621284937 -1.5378378050466877
6.221757468319696 2.319029022605993
-4.14723920996053 -0.14901523991479593
-4.7927004110185365 -4.790823106361158
2.8107327476678563 2.602528550686211
0.760831696404205 -3.213555037803836
1.5048642746518412 -2.412180706696807
-2.818638830968339 -2.7505068977792555
4.667210368982385 1.0599326136025145
-3.3533220700981734 2.738942525029392
-3.499853672019481 0.8921148286861333
-2.5590319341398615 4.187037633426239
5.032741890060851 -4.813361128623898
-4.767154857757176 4.221227376040415
-3.20780151160899 -1.2201448784430458
-3.82055828438872 0.7181789078148615
-2.3091952885698346 0.054851452181116755
-4.676224622295891 3.6177840337542877
1.3901757709399867 0.03210576925836506
1.3846991552516759 -2.629579593068575
-6.227226582574912 -4.298216087164887
0.12797674174064522 2.47230600964342
-2.232367271817602 2.8656116412750388
-4.430395881470991 -2.641553355140498
4.16270480911137 2.9262007862843573
-1.8891668641338875 4.411864697614164
0.6148749439874379 3.583777527805842
0.478346026575597 -0.2899826600526412
-1.4301703211076866 5.198359810215963
0.9246657479488745 1.5306755632476587
-2.934838641126205 -4.488787033455479
-4.940290058514494 4.922201886660951
-0.860664089925419 1.8548245819288818
-4.309828721540223 -1.7004403911642254
-0.4102493466584738 3.503043096183535
-0.504856855989348 -3.9845765970387426
4.294319178955618 -2.761496570112059
-0.44253816016659187 -0.4075468166755565
-3.548574014745464 -5.106193024958001
-3.3177105646053695 -4.543963510812325
-0.9880242641774055 -4.746235808269922
2.507858610902952 -0.32791787492357827
-6.2415772996125485 -4.14166169930774
3.5914593699513 1.6600223627255746
-4.372617264558549 4.392678724469099
-0.9957427271838357 -4.576213299649074
1.479801077463386 1.3766902687662386
5.693226814293364 3.775998558453085
-5.886189490526465 -3.3588850867114317
0.1572839925484324 -1.4117377842418395
2.2108085015961603 4.426179626929687
-1.0461053917235654 4.597726907565261
5.927478179918918 2.307850943540081
-5.330268799907226 1.0229674245790203
2.300199306843547 -0.8676975339028781
2.6686553287976604 4.733248204073377
5.527811402885199 2.9347116508669027
3.1936405012541584 -4.735770198394173
5.268574956740098 -4.650960877469527
1.924738082232773 2.8650265682019898
2.384330727440725 -0.09901395005493452
-1.0116390629306435 4.5868942675819175
2.167460104146272 -4.231599222392243
-0.5893682046291087 1.129990148348341
-3.7852857829354973 1.6475435474492635
-1.638562143763603 3.2701537230365245
5.563321669635993 -2.530848211053731
-3.6895745243287856 -4.0267938657298465
3.4541163374513957 -3.930559347926123
2.5034415331930813 -0.9319522817674502
-1.2802029745358974 -1.6928492828603816
-2.2119293126408426 0.15616296748620861
-5.7010399474836255 1.6471620646524698
-1.8674716085281347 -2.799466430353105
4.966427145854677 4.6228687580066365
-5.839572407602868 -0.6027059718203498
-2.2611745940370005 1.05690941800877
2.8264101603072405 -2.270794982238059
2.120323929917596 4.591726414688673
0.7859042885160195 4.731372188763863
4.714940008032707 -1.8388282209264113
-5.608901983555552 -1.786510453708562
-2.8180382888629953 -0.7254987207296644
2.29369986623111 3.2495312391012208
0.37596594036971087 3.1062411395328207
-0.29978218457170946 -3.6267992607220405
-2.840672572733114 4.540132103370692
3.3420792354913686 1.2818799202331332
-2.2810518981998484 1.66469572121943
-5.099383748985094 2.152444160423303
-3.7073922233063428 -2.889786194442682
-0.6216917994314217 -4.82263802323096
4.704495434616927 1.0474936010257698
5.55590741889972 4.619181881878002
-1.3965847087135916 -2.3253508740031994
1.9791061126378722 -2.6105248360672464
-3.8130853726158334 -3.600895872105277
-3.922243222153215 -4.42643459338189
1.939475795078332 0.3353943488811275
0.9779870281364555 4.2169597152472855
-1.5297018444098196 -4.933896056498155
-2.0033858421335147 -0.6585566811280978
-1.111158996401901 3.0003293659072883
-3.1141512771784194 -1.6512391470370509
0.46568548774778407 -1.2413836225577723
-5.388050226907776 5.133783426623487
4.4239587151526045 1.4227148927946995
2.871612512380043 -1.6231167441531542
3.5969716378485472 -2.6000658892658928
5.4393662963031115 3.34504630069912
1.0922264355845606 -3.8319022774225138
-4.774055668749116 2.819538033614859
1.3182053491498689 0.021096443197290426
3.034977585982748 -3.949795429003589
2.8708081107636296 3.8008310792851274
-1.9786512935443819 -4.8458478650265615
5.376893384103578 3.527608087805347
-1.7360370758936998 -2.1314692711970107
4.143592971087376 -2.650619212786234
-2.1388936825900924 2.869145351992038
-5.8929025182657595 0.18212148256158311
0.08518913428605668 -4.229306841851827
-0.3876537494900347 -0.438654191824158
4.282931373539919 -2.284939294793725
0.15904176595503383 0.5242527183852763
-2.7794090750936618 -0.05642417226398422
1.4606571621010485 -0.998188510442402
2.997549671951967 -0.9955616301404779
0.9569340618456588 3.2478910190210746
-0.024850859276359216 2.171556685622508
4.322008147469814 1.4490174202213373
-4.248649802260136 1.4620143916073385
-1.3845618804894695 -0.2985486395610133
-0.3235732017747086 -1.1316785647142655
3.503032918680141 0.8058962139572676
0.06189699164842022 2.6357980095685036
2.333400091131548 2.3125286432461856
-0.29999775320476463 -3.164717907030269
-6.008665555701841 -1.6719544938162563
-4.897271352451206 -4.463020001072749
-4.69191309190705 3.6221262833335084
3.110783500839915 0.9732725456925015
-5.938301541903601 -0.636834082713003
4.146648587786769 -4.514216816830946
0.6256682951492865 3.1274604296363746
-3.7836669746510507 -0.12507990623960463
-2.7150247730843153 4.956198678696754
0.711724919272644 -4.809100065880483
3.109432102848219 1.2810751996479297
5.428037491872425 -0.9186735082554369
-1.7904378787349975 2.002850937688134
-0.10741651254521756 0.6842430147082164
5.577230491879645 3.3243837273556904
-5.385763568139748 3.9976911867524008
-5.17743887317251 -4.2208709092436045
4.215237846728549 1.4605709614485844
4.934680602769891 0.005279335110545347
-3.412256998478967 0.6134287865451151
5.415835450666723 0.6435125155901664
-1.5255083527996955 2.72089811774753
4.28740588504415 -1.4796446412540085
5.556991559705249 3.2141028594479453
1.6427573107808149 5.0830114320272495
4.589953773122561 0.5513576482020444
4.67977908010201 -0.981906319575998
4.8853986119597455 -3.657129781313306
-3.178412376910769 -2.066168895489741
-4.348961892523548 0.9294746356920607
4.738459027929153 -2.4537027256644524
4.998533012271462 -4.784023775671827
2.9128507005226805 4.116735821922686
3.383495618653223 -1.517016513976853
-0.00016749989118203246 4.37473918002351
-3.5133568681152743 3.646533875292948
2.1302020837932147 -3.7140331139640814
3.6290803027652014 -4.742310645119845
-3.7626004154630324 -3.7186244880727743
0.2906473410535808 0.3331107939172311
-4.991121290375928 4.0456317013286105
-6.123695998509266 -1.9092634375465134
-5.258844590438037 2.6354463789523788
2.0369070146657275 -4.486584040148466
4.227220777998415 -0.8140676946178047
4.955370386200192 5.10100411981852
-0.0014520746860089417 4.648365883260131
2.9713369558867146 2.9265095879341265
3.1813499980493223 4.2076193780754485
0.7546927877935463 -0.4788243206653897
-0.9667708822648526 4.370842768547674
-2.228273035012231 -2.6646731831927863
-3.723197534090601 3.6239127621893905
-6.215712356269499 -0.860183713770799
-3.560942684659549 -1.7678746883719771
-2.61961673712883 -4.8009632713433525
-1.3290920076996535 -4.910387140225503
5.845957137793345 2.187365556266709
1.6520461070074752 -1.5408414413197087
-1.9584119112494207 2.8039122285814697
-3.313760403478202 -4.159560104756039
1.51382126253566 2.471372485607403
-4.821098833211083 4.052822707874285
3.1814465652059205 -3.899547555413702
-1.7772186005251989 -3.1224737870829937
-5.289632987880212 0.1805159365451683
-0.6031576592217354 3.689365197401549
0.1643916564499328 3.98858177532622
-6.044248970839643 2.1349838920267237
5.572423155739353 2.8820053209037626
0.34466199875131753 -3.4786956139254572
1.8988310654228737 -1.6361650871148363
5.646851684649599 -5.192269618308915
-5.321903514427871 2.088556833787621
3.874179765264776 -1.8525184018551117
-3.993074726382101 -0.8159320123528415
-2.4497582209074484 2.349564503016217
0.34450329756364706 5.015134373203893
3.459866470989507 -0.7091296258273108
3.0762271917272823 -3.7025167158047214
3.07823434868277 1.4857347940538288
-5.600864597122688 3.5230454780483003
-2.5632745826889005 -3.4368072244600416
-0.7569697854299156 -3.933082270462525
5.047004017702916 -0.7003881706324311
2.0991948284799484 -3.1733891096246394
4.632844817954799 0.5723803798448666
-2.379616852733288 2.773439911553158
-3.465248054397991 3.7343078321268584
-5.056885670275352 -5.179405908678098
5.242303443981569 3.643779636454725
-1.0472352795105397 -1.5423125009169723
-5.385480367737405 -2.5264670048662694
1.4017724489157297 1.7076108837854802
0.7809831869961004 2.4574034891451673
2.002629950228533 3.8102222649491067
6.185591676537946 -3.8556072504683403
0.25808019485365463 -4.53022531534522
4.436204181232595 2.636016784536171
4.5775754138918945 1.335726801128028
-5.689292456496052 3.796078603457665
-2.0203435646321335 -1.5117078782019528
1.2921701636038891 2.635242608131035
-0.43197049978902324 0.931943512954323
-4.506045200997679 -2.065851829366765
0.20505081816842008 4.873641840056279
5.567733783464554 -2.4191871515718755
-4.909177924288475 5.110136853458369
2.478965360324109 2.6740689719300716
0.8470447678803943 2.5420509351036022
0.46636714854231975 -2.269842448492437
4.890360073953799 1.1003412904856393
5.327435033544125 3.3279925231540064
2.370084427794442 2.0634997035970493
6.286585507740918 -3.06165275322705
5.6307791351640955 1.1615977869327256
-6.00830943964929 3.833188893093859
4.499362833943854 0.9662230769008495
4.116682697797179 -3.6799301905464334
-3.738407086897296 1.0218288742190103
-6.273813325424787 3.3304183091504678
-3.0712006276908768 1.80662411591371
2.8375713644178227 3.346377316288634
-3.4670199943454043 -5.188171295332324
2.9731091331320894 -1.4727100134182138
1.8821627380663664 -1.4119121965758783
4.83263966885073 -1.6982248252133463
1.3730419585253824 1.9407384459654242
-6.043482255154185 5.138049515835998
4.944200101001371 -1.0568705617990002
-1.4394038556305784 1.045873202336261
-3.8434232110481994 4.36694347734658
-6.1834245025010635 -1.9017621935467055
2.2257197121075905 2.404351022526061
-3.555915486190307 0.9399203526591444
-3.436495838965341 -4.433128820429694
-3.1646001888213116 -5.1383365857337
-2.1657149732565273 4.140114429073797
0.7714623055281589 3.326204495721952
-2.213422166650811 -2.719563949704472
3.385650534002888 -1.5813587316474247
3.2180691239164574 -4.973219095298943
2.154384185757632 0.02290202031742261
1.8163992149960109 -3.9509410141028347
-3.52378163536842 2.9699145128556195
-4.300223904620275 -3.612139948544587
1.7236806074824873 -3.3961399856408727
-4.738768980203772 1.6926742846945881
0.2038952281328621 -2.0095526301523523
3.754529236758737 2.216129162958361
-5.987881406314469 1.250927285867185
3.194564531943861 0.8868733305602685
-1.1857984060083275 2.7813157718626362
0.4841587653980648 -5.124638933305403
2.1007759487165902 4.384618728259787
4.128258375792409 -2.2937661655871144
-3.6111747350494237 4.662063809663311
0.6140992836404502 4.894707054007058
-2.43211802571071 -2.2484539409452515
-5.042217277259602 4.563071482236174
3.716493326990978 2.9771547633490547
1.5358032909842008 -2.9100627831971093
5.353112287271051 -3.5245783525623278
-0.5892349650237936 -4.622498652267759
3.2057845679719073 0.6734329052384336
5.776430706687185 -1.8822349774996612
2.7708828409370465 -4.981348566952605
-2.6480406111128585 -2.966880043654155
-0.716519958613052 -0.08722865639329136
-3.055054904392137 0.31440982167509013
0.45652283687709705 4.57610824279081
5.871254222154089 -4.929172479380836
1.7639148787444618 -5.042352023269218
-1.2257457600770278 4.814906588858002
-4.589802138953363 1.426668131051966
4.515557470708993 0.4180939368737455
-4.324063108517205 4.472931017878053
5.012122763966808 -2.388378741452083
3.010075666008216 1.0862414141897263
6.048411264170003 -4.288548086095928
6.16684211444181 1.1918105106574064
-2.7725086114723045 0.7269382875332617
-0.7398719019416067 -1.6518633066081176
5.781334029339689 2.0658595581279613
2.30943387785897 5.106302422670365
6.231475002503441 -2.0949918801395375
-1.070931318820481 -3.276961766836127
1.6284111194732063 -3.5312414493743836
4.4535550423575305 -1.626693434809082
-5.459269484625009 0.4113640950053483
3.9267102198501895 0.17957278988062608
-5.866315375254994 4.464139793072364
-0.20986842017006868 -0.8604251440212654
5.007068629673391 3.94846012779166
-5.886399174820071 1.9159638144838702
4.562884729340043 -4.222713978719963
2.63965201377726 -3.32522980794782
5.624994728733066 5.141146238042626
5.70970117630204 3.1084154865772122
-0.09570777400355546 3.804823715100963
-6.183755254926748 -4.722604686820626
1.4699278410079888 -4.697528657108633
5.508440928757919 -2.2481089639438836
-4.4447096827691155 4.018813323845431
5.026725173320111 -0.05161055137422199
1.3238802380841816 1.332221818286481
6.302682829042144 -0.0811540788097247
5.449539454738067 4.148150164177177
5.079060575232008 3.18973231044773
-4.253445030763654 1.9677780601563848
1.9452625396337968 1.7783797880800831
-3.1387778269641426 -4.7151726430857375
-5.739878145719196 3.931639964805263
4.437869468345747 0.8607232425589029
-5.917471154032234 -3.6146123838462874
0.7563387447861745 3.660799586242466
0.06267040854680594 1.710427814531803
-5.198068788111587 -2.776921035500376
5.709517892155702 -0.6276738668877782
0.5034058559935461 -3.579169672935145
-3.104259627648197 -0.9132141761976662
1.080228762812987 0.8190203778175116
4.997847660482865 -1.9527390054934646
6.263260294596549 3.1255607916947197
-2.4372463590144533 2.563158798281684
5.157401140890146 -2.5968906595003
-5.355211503211947 -4.146354772897739
-5.2534168781919615 -2.0241636527002727
-2.3875897628524014 -4.494975651923371
2.70419318147097 -1.5624464506909477
-4.140579408962205 -1.0940916744066609
4.054723955850706 -3.3190023239831863
1.6203899307678409 -3.1839285169292557
-4.121295971591937 -3.607133465862902
-0.4284921410670153 -2.589410882824589
-2.616432880447208 4.708157799337399
0.1678801878718481 2.211729183878118
-1.6211784394610893 -1.0010816330734782
-4.827378652497906 1.5183499927315633
-3.146224692026302 4.617133984634244
0.6441688957064668 -4.094116484413642
3.9113508781465676 -4.898837008479975
3.4880836396744908 -2.732081328828566
2.8447035571318757 2.96428145212941
4.267010800081016 -0.21926232004016377
-5.390366048861174 -4.253307554467251
-4.504355183915874 4.094782421151515
-6.209640180072971 -0.3774996832758095
3.7437132849902355 4.349732608872823
2.9354012902379143 -0.4147989607401419
3.6569329215364164 -3.960023828973795
4.010739825837282 -2.8819479925550353
6.020290000493686 4.638275994709891
-0.17856341198005232 -1.4879584632446443
5.472697991763527 -0.9246500202591328
4.376705649079716 3.0115951544391075
5.430726097970103 2.0544078132315784
0.683060120740465 -1.8437317270960052
-5.602585559456366 2.5189925523233114
5.085907173594741 1.0900374538056425
-0.27769730060017395 -2.4632858483269087
5.566944343895681 -0.7102780429882198
4.493519412578992 -5.182424748206602
0.3925446876612977 0.39347583134957187
-5.067951070507384 0.5990724223593977
-0.7450334906163487 -1.975589237530504
1.8298566467891746 -3.4479074451334073
-2.2427153440727743 -2.543740033890925
-2.5162082657179066 -1.85417654542257
5.71197836600383 1.00982705422821
-3.2935466708869585 3.764076506984897
-1.9347936714433311 3.201122990135622
4.416864917347112 -3.3951765882412244
-5.643487925110452 1.3225247371999327
6.129525557979749 -2.8925634054441667
-0.5059570739726533 1.98456486453495
-6.062020573926827 2.886984101060434
-5.362464409758801 -4.760536496060728
4.672693502756756 -4.659709868457876
-1.4691716083409494 -5.05389485480479
-5.512459009383356 0.0965591186766126
0.34084383978553845 0.11733347074342682
-6.3160689336486655 -2.9826082578270023
-5.10973886919529 1.2993125865618858
-0.4399953280902098 -2.3986775805549696
-5.631386254240376 -0.021427411312307854
2.768734645030589 -3.3266822377974234
4.1803890736357 2.5642288626648817
-2.262715314134554 -5.03667590484874
-2.0359268728225777 4.421785019087422
3.6428187193319026 -3.0905662668076794
-4.7926687827936805 -3.22890760413877
-3.765222498878722 3.1814108894375126
4.63481531644101 -1.8689445464829872
-1.8773386501211293 4.406123926267655
-0.032240212649790934 -1.3359221392247997
6.224069114810748 -4.205072873696824
4.95778433267291 -2.9317721427234673
2.3519238437847463 -1.9066963813181217
0.3944450253978138 -1.0551177063529478
2.7625642404506916 4.04079798765781
-6.272791156595702 2.792903002958682
-1.8169461501481736 -3.9056481505483416
1.1108176866705914 3.848589579448533
-3.194641187747741 -0.14721260935466773
5.075428880452993 -2.67423460693351
3.35309253611765 -3.957142447691174
-5.234477901698298 -4.870710668909716
-5.099601570790394 -4.256423241838519
-3.984584055149693 -0.7007062414897582
-4.475548050896494 -4.135912646654265
0.23106267782159406 -2.415136280870921
-1.2889788561875646 -1.4148481386122076
1.5847500750358519 -0.7552517699516681
0.34115825010715106 -0.9780830794444455
1.427130537531296 0.7855279862192006
4.344193033717259 1.7145389369160506
5.108684217485948 3.570139236248724
0.29700467517729834 1.3432983425960385
-2.0467170476466903 -4.283856537088806
-5.846948521200892 -1.1181053601845097
2.2238644685433595 0.5893321939616349
-1.4396668327624225 4.484844585078025
-4.384597797269651 1.4424759420806357
2.631322362429625 5.098407683980546
-0.7355882452724813 -4.570752594510306
5.489236689984239 0.3717753630710252
-3.622643152652715 -3.1495982460288974
-2.525981141371606 -2.3738557091793036
2.1243284654614047 2.3148856692127637
3.461955263500622 -0.602413997303815
3.7183317176688284 -1.2076945678391557
0.6679922365711493 -0.5521786467924574
-1.7709212042601346 -0.216687224957953
4.0336575070795035 -1.465189775641074
1.3817179196253306 0.6720334027423762
-3.504109169151414 -1.2410101759540377
4.334959500691648 2.750880721642597
-1.2392893523181998 -3.434728144417712
-0.21473230556656464 2.8153843772661746
0.04739477058892483 -2.197591161607044
-2.8465581985370756 0.015412598371622899
2.3547962660187736 2.407814638617343
3.1637784449165807 -4.483025355311436
5.132094391924456 5.111166957457594
-3.1815885401967066 -3.8376426724284936
4.6534333402771235 -2.5501513795519757
-3.381341719003192 -1.5371706260628923
0.42591256362316265 2.274126331966724
4.241602651910881 3.9075594188243334
-6.071092188902454 2.878763421427762
-2.8796050128345776 -4.268927511164343
-3.930101799356493 -4.363362595668679
-4.044957759194922 1.886812442619478
-0.738960852829952 -0.12505643039103553
0.8290534682108754 2.279677715274042
-2.0267188590602974 3.1963358646050493
-4.541831056034871 -5.027742285478179
-3.5340000958419644 3.9557375530540613
-1.1025054185990815 -1.2694996396381324
3.1257709116650734 -5.025604207724259
-1.8542136958692854 2.7474545952907903
-4.9194207068122235 -4.214897142769118
5.6845009153668435 -0.33138718602597184
-4.271514174342946 -3.4663908906875145
-0.3050412466269883 2.469833066644334
0.1285179134673875 -4.32728826031968
-1.422875956312649 4.930769916583434
-3.0184007010008713 3.4773737081349596
-4.511744890357324 -1.133920124901712
1.3035384296384223 -3.1101445101228133
0.5482537963966445 -1.510997548646833
-5.336665495381275 -1.9475298500820255
1.0965175931735596 4.336708432940285
5.703398951006779 -2.4245508029986604
0.8113203145269807 4.259521937437504
2.0341174496465584 -0.8982743582692381
-4.64380209812127 0.23682445881035274
-3.6577362424791944 -0.45581561111228286
5.1947820097538 -3.253481206315349
4.040313443239514 3.809268418794743
1.802894308784694 -0.8461402874347899
-3.103839075860658 -4.316887772817497
-0.48719212030281245 5.127833933967781
5.101177846104996 3.5389126813719125
2.4336392780017704 4.287942850461559
-6.3187794743011825 -3.953455720964036
-2.305500183014469 -3.6937721372750274
-5.416222952084146 3.1359928092074574
0.5501985040366781 1.5611536204733127
5.302040421241166 -4.010299941924278
-1.1329904359112017 4.426163389508793
-3.408104378350061 4.369477413734949
4.6788220080951035 2.9462238417101885
-1.9745024890266727 0.9396875455134914
2.8907683527453845 -3.0212846557089676
-1.6107006722406823 5.09124592352321
-3.560105822611762 -4.337693497480443
5.356744622917658 -3.7958605126557208
-3.4198395537317006 0.38522930405897693
4.492268546139314 -3.0948462752199086
-1.4976673877832773 -2.043744038229777
3.730986503051083 2.9709732990855935
-5.522647712702459 0.5708829803267887
-5.515827134726773 2.6483510768875336
-6.1538369097634815 -3.3737284504334775
-0.08988261589633328 -2.031012995049634
4.264933511953787 -4.491644762719447
1.1295360445292522 1.7833079007795618
0.4146079818745756 -5.0732368729736415
-1.4318155482695119 -0.8867192277971823
-1.7655275965775141 -2.9180549299745824
-3.4657171709806285 -3.1231787475796655
-4.174317505127125 4.780249363755405
6.255184415889275 -3.0516509537950363
-2.4002083295860914 3.6368430116096198
4.007253697424332 0.7402671300046872
-2.9645571484326183 0.4346752209981517
-3.186092385745383 3.6777632234454964
5.846456876601184 4.209067775963498
3.4533901864119816 5.1066204917941915
-6.1312142324512635 -3.847168249843304
-5.272181325059284 0.8399389514136706
-4.39059440683617 1.2646929659114372
-3.8458368045628846 4.054757507000358
-4.186613897772995 3.030124630197771
-2.0288256797678947 -4.302359398727022
0.9325967641834021 2.1758845482019575
5.901643828639852 -1.218889734339836
-0.8387682221280413 -2.7996674187680566
-4.234158422858208 0.2154036292877901
-6.25207789948948 -5.034685860998231
-4.2279844878824 3.7826715267815976
2.2573581924782626 -2.9908250406163286
-3.61350418018014 -0.6961771306087519
5.9096408882183145 4.403729499436623
-0.02813533785987765 4.08737039060908
1.1725042185696095 0.6079404091717686
-1.829019145343321 -4.620084656154908
2.5645756841397898 -3.7166566172080264
-6.171288232021203 -3.57542918088206
-3.5683387941830333 -0.6766308334700355
3.078926294581011 -2.2261899830665213
1.664880952935933 -0.34976609198981645
3.5042539513860795 -3.5052596472580513
-0.5453227497313256 -0.9716500980791203
-0.3242376616044167 -0.718308746826108
-3.7644221151042263 -2.832157138346523
1.1689937551711207 -4.661252374674707
-2.9011845204565057 3.7578095292741205
-5.103302878495216 -2.645550826101099
2.4525803580271006 -2.966278716004371
-1.946385470735951 4.050297083321053
-4.924454693658616 1.9445179509990194
5.785179379511648 3.2570852173327305
-3.9559902673887515 4.718628463184962
-1.4254107551865411 -2.6166152826161513
1.2861741741214647 -2.0414399058912527
3.733966559082992 5.025390459517159
-4.829410017697118 3.2846509687711665
5.805971939206842 -3.063824219275155
-1.5707621799867617 -1.4763205013458314
5.945364246565751 -4.051512912760366
-0.5438805380118588 1.21244182420652
5.4998751348427835 4.0024401066771835
5.418836296770575 -0.8436344392294934
0.008785208602786199 -0.05840967295502342
-2.6484324769893113 -1.4617869957559946
-2.3290164476814135 -3.180719016723259
3.495600783696613 0.7902337394819421
-0.6353467325855133 2.195976200433077
-2.0364509558649493 1.4470631955558755
-0.9042009708236867 4.7080730910333015
-4.929499784994834 4.500222361929633
0.7174294452561094 5.079196752293009
-2.1143120475451287 3.3217776374851686
6.21606690944326 -4.400175744637181
-2.29539611963747 -0.9441803631035306
1.9141764868878823 -4.0004846875544375
-3.6428784779810908 4.7177325525247005
3.6384477110529527 0.5305200213022809
0.5639548572675439 3.9184063666285356
6.156102650014622 -0.633011856332435
5.015607767916119 -3.1278515305374652
-3.4748807426368127 1.1293823072318352
-2.66218586765768 -5.038334176209483
-4.657329076593362 3.7754659839992213
-3.035038060385615 -0.16443073059425117
2.443398515345409 4.297097662040691
5.51458870592837 1.717869348676909
3.6367665026819047 -2.873819158208708
5.532520261399188 4.894887307197959
5.281716938768387 4.969869454321985
-0.7590760181945901 1.181993454516289
3.3678746842337564 0.041098870247602726
1.9086943343624387 -0.8155060340365248
-1.6769993386489137 -0.8076278029136938
4.88484002437127 0.72522674541489
3.8281990875324556 0.05815284872253912
-6.219107822372806 -4.259824823279777
0.05432931111760109 3.3799023478328154
