300
7.808082493749366 8.771562845991909
-7.808082493749366 8.771562845991909
7.808082493749366 -8.771562845991909
-7.808082493749366 -8.771562845991909
3.726098248043515 -1.2249207215295463
1.317280728695172 7.603244859258599
-6.028846434700453 8.342177348797723
2.8612981250629375 7.468912850787195
2.1989907073769412 -3.8443732356199263
-4.014362298572147 -7.705384766681301
5.6276895995265 -8.632875756569144
3.686027812708444 -4.924564621936665
4.953990306110361 1.0832629328224783
4.191002544963194 -5.090702732799542
-6.571063359515841 6.006069823848696
0.7802113661415433 -6.756110041831458
7.461366464989467 7.283416063393769
-6.5267001887324865 6.913654325956074
2.495337233212897 -5.764110331795825
3.5250914147791637 4.873221672343993
-0.8722825209329397 -2.099833859640534
-1.0041283294221923 -3.402952329998401
-1.7204166954600613 3.9185095787935804
7.409599426177529 -3.240085051672862
-0.19958519634696437 -6.905788081228493
5.675857583609556 3.657269282507233
4.298026816099334 -3.297470034889381
2.490017067853035 -7.837119826553602
2.2378529170723294 -6.162115974963509
2.863110594805873 6.20606212648422
3.5723159755768528 5.572796073777848
-5.11085016266019 -7.681302202447305
4.927152293955237 7.876360976442946
-7.064569970081941 4.52321433874034
1.5786316783505079 -0.5486225044806883
-4.341263126580031 -4.263146270895603
-2.818787171701433 -1.8540672865210706
1.422725870435789 -4.82082928127905
-0.0207707105035162 0.024607311914186525
-6.712502232045481 1.4140954578547937
-0.34830906151130847 -1.5911373194260037
-7.049019352387967 -0.13357197834459988
1.5468263679150205 -4.6545415055635315
0.8888314595229936 6.1908299689418875
1.5477619942385559 2.1405095417056046
3.0477693129885974 2.8930543994307794
-3.3716857141034424 8.017892973045527
3.2381361635870043 4.311581601355526
-2.1336289983021945 7.74577002742576
1.8899665552139844 1.6398097934188431
-0.8029529203568861 3.7184765760936074
-6.726571514604679 -6.70398364979847
-4.696863219537082 -6.885102185519806
3.76991067903659 -7.80476105170294
-3.3690756686048786 1.4077272934827132
1.3769685456100422 -6.0321680461859675
-0.8938611782877119 -0.6778849502968356
6.475779017509851 -3.626045504156904
5.973999162444613 -4.070183987222209
0.9655543113766836 8.705580693198254
1.5772166201937274 7.154190090860748
-4.175274911908869 3.326408596840121
3.9919785741329363 -6.006187068425543
6.541239535781781 5.673703835598767
4.131467686479716 7.1025629742178165
-1.740144200784517 6.475557931737034
4.809872888626794 -2.820598933999981
0.9839617868456756 -5.6345123836018125
-2.5249824800631835 -6.497304675532696
6.269182481035864 -5.563203046691372
-2.61104433511215 -3.995307363789305
-7.603676561747108 -5.049394653235483
-3.0383408306348274 -3.693788857336113
-3.3000387504156468 -3.5016195965287675
-1.8693347500944917 -5.799046325065098
4.721499453993825 -4.433795883573514
-0.7986202379916794 -4.347062745177656
6.727014582246984 2.6560826089820537
-1.7520596859250066 -2.474748868171976
-0.1731007206437809 1.691948827137681
-6.887145487914807 2.1635243664558477
3.308854824456944 2.426360201518589
-5.271577423839499 0.21371164683773358
-4.56472508019891 -1.9585198830710873
-0.03822723016203966 2.633161073840803
-5.221184803152638 -7.506309974603835
3.646498025985803 1.21220405560695
4.006716339600198 1.3973591645152563
7.07154561741822 3.018156342269391
-4.077927380944246 -7.423480806109063
-4.457166914492134 -6.488959599794434
3.4248665748022766 -1.3678404157231796
-3.1974926979411205 -6.193460924688847
-2.469849513249553 -6.395682398253857
4.924174969806419 3.7084247969521087
-3.7408074783344967 -0.9689954785536923
2.705333788967696 -4.230232690470755
-5.146745269476417 1.8690248174687838
-5.031197446020403 -1.2367776874724203
1.5851964978461854 -0.19726427947975544
2.7373283036339835 8.133769531675814
-1.037519806729292 6.65937617655479
-1.1684165616049542 -1.590824584353287
-2.820524514149402 -3.4960734047568565
2.897509480484713 -6.3413980044971066
-0.40506023166791216 3.418451072292479
4.195433041783868 6.247717076944593
-3.1298291002670346 6.947723643490757
1.7923346154021598 7.7118224183371815
6.246158124190639 0.17581918840800626
2.3828118617582046 0.4301963610217605
6.503701848384223 -1.244483062869099
3.6278205271605 -1.473758743007898
-6.68083195347961 2.558196640846983
-3.0914517939310473 1.6816799261333717
-1.5750260516502568 -3.0367461713212816
-0.6288620803555949 0.9972728678887215
1.673700581210019 7.544253274546637
1.1887280327551437 0.3616083208259582
-3.1227932623495214 -4.90524609288717
-4.114679257291822 1.4838634502316026
2.0856571192664948 -7.857343388904683
-2.8282470515238796 2.3801445494740427
-6.839382684782776 -2.555010029271317
2.411178781943031 -1.8223063592453421
6.536005748730023 6.318766885170518
7.598681892758968 8.175367018004017
-6.536411080811449 0.10155118644961014
5.7147929818130905 5.04720161428822
4.451909386405516 4.570253888299401
-1.521771481411637 -5.499054967045037
0.8542631757261354 -3.780561935454652
4.649876885907933 -8.284134569942598
5.300213973594641 -0.37590552473281313
5.294251345360696 -0.11916748805792565
-6.826096986688206 8.066377946678418
1.5996683162976932 -0.5451428429294616
6.138522106781368 2.7950443290569176
-5.688376795984732 1.4905825317413761
6.7909950078483465 1.2053858563032946
6.543512890991586 1.0489431172087471
-0.662620606723288 7.255320956548346
-2.289260257334356 4.665488140506543
-2.954512296183201 -1.707945954338486
-3.3902393540318325 -4.1823290294397415
-5.392347195236017 5.7256549896435835
3.3657042134829975 -6.675953269290484
5.0707517580865 4.460650653437032
5.9043767534073 3.783521253585029
-1.1981613874374188 -3.3168356142774904
5.329567506067887 -7.850339903370295
-6.674682074341918 2.769891819075717
6.045614034839755 -0.9408046287145764
-2.4449348431579336 1.1758655382942589
-1.803706980365912 -5.315708953521117
-0.6339375178471753 -7.987035133124579
3.8889535046026484 3.7365833995426403
-1.858142483095354 3.836827807312181
-2.411020783011952 2.6135421065517086
6.309892787852302 -3.261292895785788
2.792345318136219 1.1515262731018403
-5.520440447237728 -2.7271092233110537
-2.3479892919837795 -7.954365212738416
-3.020647358563714 3.202002925517913
2.154629169503586 2.230012934400751
7.483421481131588 -1.4286683032585508
-6.03896104720979 -3.596303004598952
-7.570971453782355 3.1878615664392402
3.638747964777229 -4.639259299510133
1.29329553843667 0.272066154040715
-3.9444952337488215 -1.0459321827450756
-0.16687979272089848 1.1122796013292024
6.311731182317912 -6.6689405173569405
3.6668543099930897 5.039334065012461
-6.982486168774091 -7.224517960701436
4.1580176073098425 2.9772961840998473
1.4554532654106662 2.694338408759913
4.458251719820042 0.8591271752129686
-7.115318617199211 8.453231783193527
-7.645595066099078 2.6048287177453275
6.372329499033748 -1.6962321851462434
-0.4107571924035138 -5.83801649001226
-4.639972307811065 2.5870912537905575
-3.0041680666217108 4.034292491301537
-5.5293651292333905 3.644105160022553
0.18327032978484947 -8.548702627018692
1.2108634789343498 3.8763347130319765
4.347033407899804 7.406847504679881
-4.680511590464458 -2.4951551823222378
4.787710139048409 -1.5899803194524722
-6.394341399325549 -8.73400133321497
5.006076436044415 -8.036033023080009
0.8573657805227803 -5.188820802784528
-2.625775740572954 -6.103619471223167
1.3439597529402327 7.557990983648292
3.8507394747086146 -6.661365439470811
-2.017606964691687 -8.638720170222902
-1.6509039647792099 -1.7714055816090504
-6.771777607052176 -7.7995989976962425
7.6000757136627595 4.171613813351799
6.255032523810106 2.086419981619766
-6.645239484866963 6.121524486034058
-2.2621920593306886 -5.239272004572578
-7.205132059539038 -8.609551147811402
-6.184172904647924 6.728604445430667
-2.100881362029156 7.344597520477315
2.061985053586808 0.23499018341604128
-2.329390143144022 8.012561664479048
-1.1392030861615794 -4.501665933370439
-7.642407309758663 -5.044376288053549
6.191435174394824 -2.1405704503624863
4.442855004573017 -0.37318110685361816
-0.8617941044961919 0.5780183532415517
3.6818184349234837 5.024304349378893
3.0939253972900627 -5.389333350610986
-1.365379833614707 8.383937059298503
6.517483225088011 -7.543865113680948
-7.191342423103529 3.3590757139731906
-5.715852519967337 0.7820617017147242
-5.09801364556516 -7.062215559215659
-6.604853646293598 3.762100464361911
4.175181967170801 -3.8374639006777693
-1.0455521076503373 3.736763945883359
0.7227393323075191 -6.84021776208863
-1.1896638441469491 -4.066697982183588
-2.457847704539059 -4.781241460504916
-0.29272971290995553 -3.3479401703860585
6.3571226090504 1.5165784320885631
-7.168438344656554 2.8485254863811544
2.2098851270588042 -0.8684346017011197
2.040693628296504 -8.695625676351016
6.560460326684913 8.320048183551688
0.5779856134554624 -8.181674257838557
1.3844146098903298 7.459082731870904
-3.146375104954105 -7.480816856958869
-7.364652325800966 -4.857566971191062
3.697303584292982 7.289011846537541
-5.3353048633018165 -1.8315266006989983
5.855651068044965 -3.9410864004087154
-6.165965651539976 4.768555645684009
5.257687539677711 3.7847940684570265
-4.323475677950391 -4.929476790812941
-7.078267779719015 -6.235202913665066
-3.9507606954328627 -0.15456349440562356
2.226504093747174 2.80477393116397
-1.1411766395896734 -3.445076163483762
6.8236940772207415 5.17207846960418
-6.052223291039114 5.822152244619147
3.302880662747082 5.995376770209122
5.732390546583277 3.96275479317317
7.558708932261018 3.6805559750869232
-5.209330028514886 7.612829337541495
-5.210874065818711 -6.888348114416386
-4.110334512658506 -4.83946015639623
7.509910116786049 -6.366430627431171
-5.873412499927926 8.456996184903247
-6.81336712770964 -8.413579914242776
3.7237296200376075 -6.502151710549914
-5.554889149598488 -3.5899548502151104
-2.9237100927230397 -6.004325048975563
-6.771807435570845 8.220670487720156
-7.611318186174776 0.02933560146071379
4.699830279336579 -1.6857314221426742
-4.327500394985876 -1.0569896638065854
7.619679522354916 0.7024933674175884
0.168463851039923 -3.899606899194283
6.465292666264743 -3.398045640372027
4.08332612071543 4.603405385370797
4.087881956967122 -0.8695353171489817
-4.249535576850898 -0.2728028948622292
1.2487680693426988 3.5711900612090144
5.4952922782137055 -3.675196322445271
6.5326793510991354 -6.953596284110647
7.423144206944675 6.686357254294677
-3.3029677133399726 -1.3203295491278952
-0.06409092523401938 -4.223016125199607
-5.70950157527867 1.2944450747341651
-0.6108924018412472 -6.007929070944153
0.5578455209649533 -1.4152224834357474
-1.1547800072997632 6.876168359560655
-2.702691593512661 7.2797520363737505
0.490886813403133 -1.485581082186231
2.0104147896154583 3.519446736978983
-2.7115075502054475 -8.327019046979697
-5.348500230509499 -5.762578207060948
-3.315412444937807 -6.949201705386038
6.771993528100964 -0.4672872342258998
-1.2904393980990294 5.805851937997927
5.228575908761426 3.64146282786651
-7.100989791293824 -4.461986486292327
-0.3674799901368768 3.835476938411267
6.196088753231255 -4.556356463728587
1.9083470463558054 7.380245406024169
5.277790889768335 -2.331754563288947
3.0117811689875555 -4.874442970895978
1.7228160600241633 3.912611510887638
-1.8399092537118351 3.6563392618295385
-4.729908334214052 1.1855504768527858
-1.5160211662102547 6.403884739696423
3.227425033559035 5.959055713821101
