100
5.985460343988002 0.22459814975400505
11.885487911491333 -1.4103966942247799
5.623653194557258 1.8744990341852006
5.729189204728995 1.832232438770621
8.329844453328965 -0.3655954429242816
3.671948753757677 -7.604686627114662
2.2819316588529928 -11.596845018289471
6.889077710822418 -6.334846355818115
14.125998502684848 -5.2728667416636625
13.260698139203344 -3.272051316764814
14.839312625728267 -5.388123153403422
21.787938573017325 -4.901961866423607
22.835932186912444 -7.970427795797093
22.276861353753546 -5.481945029258863
21.83150504683374 -7.074566913077936
28.475273021117292 -8.42155479388342
31.939764032727208 -6.637926376743085
22.64047460117611 -8.402642083829624
21.411188842203792 -10.330487395013455
21.520137344778327 -10.958197237611264
25.336424989980596 -8.559552373933734
27.73406416044082 -8.326224863311525
26.202219192240136 -9.980986391962805
25.647366714660293 -10.330715225653037
25.767535909090835 -9.769649945329173
18.995609576004355 -9.811270237236076
9.71483690601379 -7.088413174126147
1.3093798480400718 -1.9091354812392378
-0.16036849403301012 -4.624838811065
-5.093465177138583 -5.488601083046038
-2.7375954084227416 -4.097584193389458
-2.943835432838311 -5.5066845159649676
-9.932061729692045 -2.222341921685088
-17.796655130536255 2.5993716016399993
-19.259386603112837 7.4127679967783
-18.966650487384445 3.4021957785657584
-18.85469213765106 -1.0613285371098744
-22.03130172790668 -6.767157438535782
-22.60736651985427 -8.901020245986514
-22.670392401449966 -8.241079732192494
-20.359507403645413 -11.829458652250075
-10.800712185423174 -9.677021949674012
-11.213608441338666 -9.964186407344615
-11.85499475382923 -10.014708536307413
-16.875297480747378 -7.588810958543473
-20.130369815250624 -7.8112827483266045
-22.238093191786394 0.3680294582524368
-15.823098129226956 -5.6997537701489325
-15.846129335943138 -3.8286927937530644
-23.369938222889484 -8.973169760867265
-24.52269046013251 -8.52771499262731
-24.487628395095452 -13.091452607123365
-26.389800756988254 -13.905996769315013
-26.576044758627116 -13.981596265659139
-26.534733158299836 -12.641174755246425
-34.547251240839266 -8.379208697547545
-28.093080663408863 -11.698340756557158
-29.358020488216823 -18.746070607724697
-30.79314812447034 -18.164057272512395
-25.64570495650274 -21.767931790099716
-20.99475286474946 -29.61617949385093
-14.632156623518558 -30.195160855429947
-16.620707193245142 -32.33456070319676
-21.91606296522508 -29.991018506797392
-15.469877997930158 -33.184171220494704
-18.62519881616769 -33.71210119986377
-12.841154339720145 -39.34224094725049
-14.120891450627902 -36.1763123995967
-18.67281870997385 -43.77598382503327
-22.184128376288193 -45.71839196546635
-25.029174994951248 -38.85789355349534
-34.25309093072873 -35.267018420213184
-36.48207172893073 -27.908655395075428
-38.15237977278028 -30.826549558970875
-39.110870068661164 -30.14662560798228
-36.705302607557144 -30.61261443494036
-36.48750524058989 -31.959975144137122
-31.99186909774671 -28.98300589851084
-30.767727589842398 -26.797512853361766
-36.340232366137585 -24.858636969229476
-30.71571029272371 -21.96207569351782
-23.110547263005962 -20.740618057375354
-23.716880179921354 -25.252859301156168
-22.551326873976237 -28.01368500474084
-24.087262811632588 -27.90098657617398
-25.707195077576085 -22.854483213712143
-18.849574715774988 -22.954125283980943
-19.785451048455286 -22.657660684314124
-15.603172686733487 -22.15800016456068
-15.337667574850052 -24.960561373335935
-12.951694463834556 -24.75632571509397
-17.494654332339508 -24.4390105380465
-18.814115118891138 -21.27522584307473
-14.795886276847494 -16.83969250925851
-13.641575473695523 -16.52073025573642
-13.052727764776284 -15.730463412220582
-5.708518936741491 -10.174431475619409
-2.389121033887014 -1.6083873250344052
-0.7692400343796022 2.0859932032032047
0.3465122535381817 -4.425738217683824
