1000
-7.262338087046176 -8.652797644259893
-14.195312473268007 -4.940616383112897
-6.347364753061856 -4.918538027932329
-8.737822634046797 -2.358504890990881
-9.723960732102256 -3.014492060735055
-9.70480278524099 -2.95869712255644
-4.873503462460585 -4.019283634259635
2.637517495527769 -0.6504645838573344
3.88539366946514 1.5014876792638234
5.4427398864688925 2.6325476872104487
7.596880713839009 -6.477346486860542
-0.07562726144608334 -5.180971143373512
8.191280158612587 -7.009100558060652
6.783516469666507 -7.396039909160331
11.738121700916228 -14.197161550086156
13.054788012755589 -12.431855700603158
16.416143099308606 -13.798574191479334
19.128681155236933 -21.209523877339564
19.39663871380968 -22.200973408192596
19.36569177632172 -20.368680613525722
27.24456470557211 -21.000814397974604
30.137140885897374 -23.12573721087434
27.396112664538343 -20.132621020028616
28.53529836513428 -14.574821264091032
33.7852090658212 -12.345664408723552
33.299036901169735 -8.678806217965313
34.81535339824785 -8.238606208468157
38.593561431334805 -13.805939389389552
42.209835216186534 -17.392774251360425
41.26755676564766 -13.799731437348175
41.78233881252906 -16.06249964502425
41.713384408605485 -16.595471661813946
48.57911354450472 -23.545351565197254
47.730777905848534 -21.913832468028787
47.95830145400885 -25.499600746688124
46.396112993476876 -29.251764248011174
45.69950614177784 -29.713070939355873
39.48675222207554 -24.938629515362308
38.81339221409731 -16.544171850426522
43.89224099697874 -18.234106490123427
50.44623627842665 -18.804911136505357
57.198011563335754 -12.32447814836387
59.87162206240487 -10.368335657594969
54.213062471743264 -7.947250573442236
55.32038035808192 -9.22834776669674
58.52039514323457 -18.312270451121343
68.46377066254097 -17.492802435191447
74.60358487566508 -23.668881204249885
75.04215783097136 -23.46505511044468
73.69905935106425 -22.493829703375113
73.61454900421921 -22.592906315418023
73.84421659020038 -23.25882141239749
81.82987606843406 -26.013908034866134
84.67097478138672 -21.801852897482135
87.02881754576981 -14.99285821118509
95.69397215488203 -12.444875048819764
95.57503528025327 -14.124577431947525
95.58916803081807 -14.178614973935263
95.89842876011971 -14.27471264943074
95.84792985182177 -14.376349191202738
94.10830864765974 -17.870347779792777
86.02151421765711 -12.574675572282827
90.54734127520231 -17.361566744073002
88.19803229086365 -15.41392941781006
95.15049302545698 -20.050912510628994
103.47825308170802 -17.362234095175253
104.79106338931757 -21.59039069493377
110.33263681009676 -20.71792919604531
112.51487942442255 -22.874029037847098
115.92080872397344 -24.14732113665789
112.86043184619257 -22.558788657204765
109.71013741704833 -20.622316199033982
109.17283659898453 -22.44175228265347
109.86699338100456 -22.3337655905005
111.66504714654212 -30.949391233206725
111.77923795812406 -31.346006976708274
120.25441206629357 -33.2811825807307
112.35878087510876 -31.08865218925373
113.65201521019945 -31.128001825133754
113.90924296780584 -30.90888891950348
107.11319121304531 -33.0841075064249
105.48720722674325 -32.2049153226387
105.85841365831595 -38.207136579925816
102.42079374352139 -34.001697440776624
105.64489634824609 -39.115922839170445
103.7980652360608 -39.29468646401448
100.63892492161479 -34.443747714067314
105.29429422946247 -39.1554718812495
110.85622306540074 -45.0881827666355
110.83877902635224 -43.7753207696878
107.81581189559095 -45.781956490060665
107.81846675135435 -47.127688111428384
113.85105694751427 -50.8702821974034
113.64766806092013 -46.852716348155994
111.52974816754136 -49.25610248860654
120.02932235646266 -47.16264093914034
122.93933206197053 -38.332028367133475
121.24968450719783 -32.32522536370854
112.44972889175565 -32.29428107251534
113.71932112642864 -32.467724012967096
112.05064902581042 -29.58492140768601
113.3326119178993 -30.566942291285535
118.73317188702227 -34.83471391417616
118.85779151895076 -32.1935343010523
113.96354120121427 -25.361431580442716
115.31581744027571 -24.353568532949588
116.23023699620552 -28.58509133936382
116.8627861974819 -20.175856504223546
121.34635119926884 -24.419091042430047
115.02447795576695 -24.5868708954289
113.04257690486843 -24.976426791979367
111.7754276380011 -23.5440463113153
105.14969322633314 -29.00622035720202
101.85155854483034 -31.147327692341612
102.27547697197733 -33.00189704684772
92.57122908653702 -34.711849569176024
89.01519733553998 -27.301711095533648
90.40387645673728 -26.5519380636012
89.46900343081067 -29.74517392015418
86.67818998158509 -32.92301049022727
90.467253738252 -32.37454034228631
93.18173439849092 -27.11211180768641
94.58324204400901 -27.507573215168115
94.57175769595324 -27.208915502937945
96.24427177963078 -26.114213937490266
99.36761546787642 -18.829316208294692
92.96208601975661 -12.004291014007862
92.18888039015025 -12.699664515669248
90.38629618092278 -11.50582648771393
91.99534451189933 -9.976066506764736
88.97201881643477 -8.173483393316513
95.20822223410075 -11.516747357254363
95.30196393867838 -11.298890983204426
87.09519666523937 -10.492503428449389
86.77719648509654 -12.346177870139828
83.234173966155 -7.743378447884706
77.89354082837458 -8.180237938153592
77.14232284586711 -8.778579007638532
80.78994652133089 -9.831786062944516
84.33787594538927 -14.306365802703926
84.08515215056059 -15.344680721244599
83.48546129854414 -15.488044561280857
82.48983055359638 -22.557921140125213
80.89239232420601 -27.328498205615567
80.20845932337765 -19.176547917604672
76.41571950529051 -21.242922945665175
77.18303149089034 -13.464243549319756
75.699141332554 -13.653308184805553
69.00296435703592 -9.965644812132311
71.07799918119994 -12.098267411902793
68.22946964221246 -12.866135730689448
68.50659866141261 -7.124800174521931
64.33804913723135 -0.38243008146274704
70.23110576323123 4.021972256945597
62.83493882390347 1.5605247273926937
65.53200487345441 0.699177914225353
65.52897897136644 -3.056531355825597
60.45304854886274 -5.545082774998162
58.74074948426006 -5.4122324045577335
58.208737160526006 -3.5136835802691144
61.78063967383494 -1.1996655891357477
57.21193979030371 -1.4445667245437217
55.46227639456354 -4.867829115434954
58.99660573711599 -0.9300429238552339
65.04602765605087 -8.524083624479788
57.529739892680496 -10.22656823638061
61.93053898552786 -12.25440644228702
69.95089542997809 -15.010217063126749
71.24615863618725 -16.094941953562998
74.67323987524354 -6.797477052478616
70.85361726326106 -1.7764761292663405
71.59921474852959 -1.4504276858644296
62.266840640571345 -0.2806053632847081
53.72503046613947 -4.802932524535759
59.177187261329436 -6.313406603889332
58.81650620737396 -5.952598520458143
58.64828852367079 -5.875954717013372
58.78127231790196 -6.156632293523716
59.94122382027237 -9.41056839841287
59.70005055576484 -9.592889869831167
56.71566621178164 -16.21731052710379
56.9628201016522 -25.516378598278912
52.393867300162775 -32.68130828672618
53.631064302035874 -31.868700948028362
62.92343435345629 -31.58668937809386
66.50112712377278 -24.850734987221998
58.26731807815092 -23.699269551669737
58.81175864062557 -23.078933016143274
64.41535267517222 -24.63235169645401
55.69508936918607 -26.712289534501487
54.32701321016322 -26.449126627272
49.16646087194127 -27.635219374521732
49.736042496408004 -22.66339423007583
50.41967504149772 -28.74980920233096
48.87360048673752 -33.416736909349936
55.2177511220334 -28.321551709157873
57.0932302043833 -30.10893828714786
57.160344953705135 -26.458226243971453
50.02481714707497 -31.264705700381157
45.94814713999304 -36.98418963042378
44.67727445999861 -37.58558920085836
45.64177153828519 -36.49992816025055
42.89425387108486 -30.936521251093556
40.694264869251825 -32.874131540386706
40.8024831720001 -36.42982281123779
40.45256562205454 -36.22307150149432
38.09382613287998 -35.50957393691579
43.70601492710154 -27.462928354532306
42.40656923209145 -33.35636370301179
38.400141083479106 -31.34871854649199
39.32061890620715 -33.43774673965738
42.71870198862476 -33.844000720985115
38.62260255109304 -36.25507543504569
43.34918099582211 -35.098732584384464
34.2106118012295 -33.212682786111884
28.937373856459395 -33.18186338577563
27.127384707221402 -38.909406576924134
26.89852679011179 -42.13068004458751
25.12075577533316 -42.8003418821837
29.693624511628002 -49.649737145427935
28.75142162611781 -55.83655768220299
27.747124884365185 -51.44408515976776
28.70524408373934 -57.660409996462356
28.471306578602036 -50.11077896021362
23.730444434702793 -46.62358616345009
26.787753909577308 -41.89740804074192
20.066717668170877 -38.81182186828992
26.528196922549576 -40.195556776945445
26.74177802041821 -40.643817132329865
25.771649337636685 -41.602507188791414
21.992224736648993 -32.611930414973806
21.67702959259872 -33.45605860384159
15.806573680830256 -27.717606450079373
19.885937204620966 -29.425625697395812
23.58427574809518 -34.55157785305658
23.258301543692355 -34.24380307650137
23.539292119746264 -34.069693613424874
21.907036081526066 -35.41935727435468
15.343327611642462 -37.5579081491962
14.229141158803209 -37.80160112357027
10.061760237427944 -32.457462610532986
1.0088495927941015 -30.881655289679188
3.1482397620945384 -30.631824930989414
-2.8889003213599325 -31.56270951332706
3.2694870721435234 -23.905168238653314
5.443711562800301 -27.373061202381383
6.027732667286495 -29.69912496152144
2.6899976049462695 -20.95464922189474
9.487188700008465 -26.462684189328105
-0.27534753681282886 -27.001852665905506
-2.606145058046647 -21.39510466035318
-9.629192926704716 -15.85722857266362
-11.639128662232793 -23.669159261514405
-11.05200397491756 -23.34811049421562
-15.449586100587563 -26.039790951052996
-16.201031484684563 -29.564609048194793
-15.67970199203066 -33.13766374013539
-16.1439211964766 -34.61043951444626
-18.02374071441305 -33.16308535750122
-22.38989940362564 -40.45392629898558
-19.218931535816047 -33.12263254611862
-16.056555586023986 -32.34235065851913
-12.263740554222792 -30.778853813634903
-10.5941170521289 -31.636893120018875
-14.912314702927997 -32.802921857216134
-17.796027281118302 -29.00562267401964
-12.519895796230227 -24.07343371846132
-15.703854891832 -27.491683959478955
-15.538675964042893 -31.492725346847536
-12.91998248272115 -27.18115393077174
-16.351550346730665 -25.513471347539653
-10.090283116642567 -22.351213605472186
-18.325824260456688 -17.438979919210247
-18.73034193542003 -17.689577801377276
-19.451141630773666 -10.303034510029317
-18.173043006470273 -16.63088493864037
-23.270063630031018 -19.885641586014895
-22.85240730940548 -19.424051039287935
-21.95132187148309 -15.802363549574434
-22.51034920392838 -12.444721885629118
-22.800973264611176 -12.233544327248339
-18.825074797912354 -11.374386511909886
-21.08706106762859 -20.641637834821474
-24.723019567630743 -21.42639985052619
-29.37306038819133 -20.58433173204054
-30.788353852402995 -21.07592184013837
-34.8542750298312 -21.3654998279099
-39.35650698191022 -21.30339056276576
-39.21009712341313 -23.58199464345262
-39.73189655120963 -20.288590670440108
-37.92980251055493 -22.22503752384934
-37.657349597190034 -18.902299726043207
-36.71926254745155 -17.490606188031006
-39.202436532382706 -24.477405106234492
-39.92378209605172 -24.943354726919598
-41.890542704967274 -26.485903166155044
-44.98888325745523 -25.123620742896954
-53.54206427612911 -23.71865523661977
-52.90831365400303 -23.688457174891344
-53.03348328312804 -24.0728502214476
-56.69217879289397 -31.38717685008035
-49.694002566345496 -27.489367335983278
-55.22491707934732 -29.241098511390472
-59.22077424096919 -27.216738605262254
-53.74072767453883 -21.421852436793642
-55.20924052525288 -15.734617574960385
-48.832075812056644 -14.351896548449796
-48.757320285263276 -14.323447059689146
-46.44888870415143 -16.26290744194825
-40.046868507761616 -17.736033821076184
-39.645048705988756 -19.077814262606832
-32.88170959481104 -13.92185786855262
-27.585997132950073 -18.891846494474642
-34.74324480553814 -15.31644685531974
-39.47286812318474 -15.446155399328214
-48.23369824319007 -12.468580581808196
-45.65403459402066 -21.26675800276604
-38.59113276929951 -21.95303617273405
-37.25457891633382 -19.32918822115431
-34.38784618675799 -22.56407958963526
-40.64347118743722 -18.976735275762735
-35.78121731647394 -17.99649973206094
-41.62518702218687 -25.708844381935503
-50.14136309029859 -25.400717999542728
-49.193729080822195 -18.922202175201907
-42.72567320017724 -19.845812621558593
-37.17007247653318 -15.098555985789162
-41.75022598713244 -22.744423470954935
-38.51902693014153 -18.397339869096683
-40.20449663375532 -27.19805548268642
-43.47752308320027 -25.35761015254648
-47.09338836132832 -33.25344521207759
-44.363415996315204 -32.277097158913755
-46.196846790116176 -31.0685917180105
-51.67234262163813 -34.941827947899085
-49.784554179477006 -35.489688987153535
-49.692310817276486 -35.54580891139723
-49.442588351173555 -39.104663979948484
-52.97735402747297 -36.068722728743545
-60.05237919403893 -42.19792878668369
-54.25522024179889 -44.20678431307477
-45.59578952506375 -43.497044113372056
-54.33742557368541 -43.322525077058245
-58.23573472782577 -42.37161727754057
-56.45392470923697 -43.270915645827614
-54.61014553791769 -47.32847573883622
-55.97715913345386 -51.31028294508479
-49.517219022713235 -47.18269367654379
-48.05850427710698 -45.155597246998376
-45.847758327005074 -47.16642287229721
-42.0120707436162 -47.76324953702415
-32.80324366889711 -45.65849313601993
-39.21508587352943 -44.01947850389583
-36.151422541252984 -45.82743464633834
-37.22305644755714 -50.90875039017073
-41.13068352118776 -44.754233088683755
-37.34274826334861 -45.98421983149301
-37.353963178908394 -49.248129545387584
-43.817081106482426 -52.517869533351764
-40.35661960409799 -56.151929999440945
-43.5262301392845 -57.106514694223584
-43.01364556696735 -49.07401807215673
-41.75732364288862 -52.49851251775026
-35.53023008129428 -55.96454784019298
-36.164148055969996 -56.83794052815124
-35.118317357252906 -53.70589638612354
-29.000226147442525 -55.06168324693123
-28.07139202037713 -53.92344998253504
-26.032975308276203 -53.63864307654515
-19.7687336783956 -47.41242936147936
-16.515444348756077 -47.18861720228566
-23.451890470532394 -52.87331269387826
-31.580623801888002 -54.43045351981778
-31.852389112877677 -56.05160368182307
-27.65846361265822 -60.00694395686122
-26.740651920315646 -61.482509547705234
-33.72092593741441 -66.77133447774105
-37.76954709359673 -60.17853971032546
-35.33909438148332 -61.042001433264915
-41.19966499389575 -53.802464195821635
-32.866661995524595 -57.73982561436473
-28.121965095222542 -59.054718481774806
-25.136573367469467 -57.23604792778561
-25.488860524527986 -56.436237294399234
-23.198086951664497 -61.756480948758735
-25.160767370288823 -60.25043120093749
-21.909854428288725 -60.25166528809438
-28.28509555125122 -57.30850800679999
-31.70356025683707 -51.07031660575763
-28.7704173405074 -52.22770471400854
-25.53401167670621 -49.75851317402447
-23.60665309083106 -56.616577141900194
-22.14331871563075 -54.19229617038083
-25.428006926149283 -51.93317564029959
-20.80739774739155 -53.39390597756896
-15.409753108285923 -55.03766193953227
-15.450115371524323 -48.372126989528994
-13.327382209862868 -52.10072211254724
-12.321765670616893 -51.50196120394088
-11.78683141436318 -51.49349744896679
-10.257306799662695 -60.41359342998314
-14.477598488247263 -61.36631476319882
-21.416244329323636 -63.79446811283494
-27.250308710294696 -66.98668553756958
-22.575729359050378 -61.91329734741264
-22.614301696166184 -62.356860517990214
-15.73224855317772 -55.62250837280112
-15.114817668284896 -46.82088521760223
-14.192948906238033 -50.37964114152447
-16.473226231995195 -54.8943720190367
-17.118227432010993 -48.898617906488376
-19.307776836834737 -48.33198931601587
-21.3857082601515 -49.499250618832306
-24.004066688775097 -50.216511932719236
-20.65206504094743 -46.15045706848099
-20.67248199813429 -43.001059469107574
-15.81195561583429 -46.172568835490196
-23.254698186976672 -41.866568468036654
-22.91086061827109 -41.895306920143234
-14.696248218643346 -42.49815489418851
-12.05963240616638 -48.67589319708868
-12.646409698457397 -48.14311444542142
-13.61812676996007 -44.997632766269625
-13.77818631476323 -46.9167037387091
-11.417007724581959 -47.778989337271035
-19.79973536639005 -49.55631587773449
-27.107163338994848 -43.53256910577461
-25.63509175320907 -46.94695231481106
-29.508519169082952 -52.938040083804374
-28.45010104996648 -50.168080253862705
-31.197598804234733 -43.29046584157452
-35.438121379890674 -39.11783368698349
-30.837998572493856 -39.3314604218336
-26.281865674462377 -40.85588248714004
-23.179727254588162 -39.141734405918946
-22.39961730742365 -36.17986555721702
-26.015552994012648 -39.53124793305238
-26.28262234078106 -40.65488183056486
-22.434954754109835 -43.49947070016987
-30.016394947300043 -44.24705346295912
-30.385078530812546 -46.96410676465467
-33.68871492659984 -49.63134271364285
-36.42779949400321 -54.95154589625968
-31.911569380953583 -50.302838421386674
-23.98677483332487 -53.024352588820975
-22.283736113005112 -53.55660342138235
-20.035738324130495 -54.25554604196457
-16.69713896856478 -60.22590893410399
-18.9137125742158 -61.2848701817458
-15.331371877255402 -62.829374970291134
-7.266601780460963 -62.22045362008226
-8.969389859963098 -58.60479118022969
-9.51492241714039 -51.29159202669117
-6.831216489376639 -51.9495185707303
-6.857163634464519 -51.948427558911064
-6.663556313336348 -58.26271702380655
1.2649581711706865 -55.65401764740192
1.4402132276143187 -60.72791004696387
4.509117631827319 -69.73213701217341
3.5018421593764844 -68.90061190032867
11.624898917845528 -71.26823419458192
11.625153650743757 -71.26011203474188
13.52487870608642 -70.83068716114234
10.374674312411917 -76.28180718648025
16.296878129897962 -81.29218724102212
18.806660925641566 -77.43667733793346
16.124997827494404 -84.12458337168069
19.196203623781546 -89.27079100911853
26.81610920375353 -93.78919215595207
30.601596387383292 -87.55002659549785
29.619832146722544 -87.91806933162647
23.093438160646613 -80.54223103536717
28.113244777504217 -87.45860820447797
26.989821733286753 -86.31279685634
27.859573925216615 -83.29862699993296
27.40528728896158 -82.8683648334157
25.363735298470367 -84.21699904137323
27.941923049788542 -90.58644519611234
28.129922252918313 -83.19703807116257
30.718451395644905 -81.66661692531824
30.67388147805809 -83.02567113241601
26.27852753808509 -80.99324440454224
21.99696108533953 -76.14988301192507
19.431254864522842 -79.26647331114104
11.289789513372927 -84.87339917398248
12.386631463388177 -85.41889844364366
19.181521189243085 -84.2109612429437
11.472762533082676 -80.22840763052643
11.115264158121583 -79.67355369845401
11.448139525760997 -83.03478561159926
3.8421370365367498 -86.39286576437492
7.985304327306845 -87.4555729239671
17.39248497382876 -88.45681654957774
26.087769854271393 -92.47182071577217
23.911522076249856 -92.85095544478648
16.0285157128576 -91.47945711310985
22.42704710680251 -85.04672551786285
23.31493594279653 -85.44942190978401
18.14181225938851 -89.66615501874614
19.565640058053177 -94.54442686969934
16.323456934234258 -97.8999027282428
6.732148952121237 -100.40503296830056
10.17810123317677 -100.89780791612105
10.271992402768143 -100.90763122583223
15.63211699725586 -98.07959081618463
21.99951869487306 -105.44586353870928
20.053140932562506 -105.7565023374418
20.239312844208637 -105.96337692730812
25.94774047565159 -112.32022543480515
24.51015763377984 -105.65490424822724
19.447799400195642 -114.12941819170372
17.736976890018063 -117.75172651422427
23.439101425901132 -112.9223809230001
31.69149101975769 -108.05478288646063
30.971958025207023 -103.50900283332875
40.76353676888087 -101.55155317123672
40.50326595455512 -103.4622827767042
42.508770685465535 -99.13182974071321
35.40531718956221 -97.02574082640209
32.912601008784925 -92.3304619264063
37.617139433691655 -87.36023584233867
44.791218698873124 -90.84973321825866
41.14344696944167 -85.08884530074897
40.52685681751538 -84.2375179115215
40.03528015585072 -82.53470933237173
34.19618993596713 -85.25472939292023
37.06921136477186 -80.49545101374866
27.740077977106665 -78.97822785335758
29.03197132064072 -83.29074809008802
25.01295075988395 -86.769057992142
19.734831860789157 -84.73430444012847
17.640813330037812 -85.57581136630908
20.20504513745247 -77.05194638513056
23.957790501216234 -83.43012656297613
17.335014161040707 -83.33046151628383
16.284458517904735 -86.88597506055302
13.257823122422934 -80.63759545489009
16.94558779957645 -79.11294721464792
19.810847183747637 -77.69163970586578
20.761686321639697 -76.96811090473227
23.353298237020898 -70.05998608331953
23.387358624251366 -69.93039884258698
24.63183594434739 -74.10564648333975
17.355782815633983 -78.52180339058891
18.646925982311853 -74.30401152457344
18.993657221684124 -64.32497545070859
18.287427224849797 -65.23969760999287
25.48927753094104 -65.09786807584156
26.867298501510593 -64.08259415022125
22.47495515266432 -60.00882637360691
20.444062262024524 -61.256274206069044
23.18367096809311 -61.29198568051936
26.03999419391719 -54.73994216649837
23.59046811276461 -46.943527969866416
19.85653987190732 -45.6747199643673
21.063192800549608 -44.36460980845645
28.037399861414094 -43.0682334741681
22.504567174561526 -40.72552965971362
24.887628360067858 -47.24837036232652
29.18829816714667 -53.28266927775875
27.201814842478736 -44.85204298745508
28.693662538249352 -42.37814917154604
28.938560403425132 -42.60620114117371
35.286066800734595 -43.133413646714615
31.600324315596687 -47.942164579525006
35.09397988583893 -44.47770371749615
31.61087348132112 -47.62645604018055
30.903397177639242 -47.275967410543096
22.980107391484328 -47.273945296436885
19.624681861744666 -52.978530762360734
23.889241248435233 -47.52675476510327
24.655818216240668 -38.59768349637368
22.936155906989335 -47.98798029139636
23.0926945824039 -48.14804543743347
23.877792637875633 -48.9099311790023
17.046817802218563 -51.16211616407164
18.445036657101983 -45.345206625433725
19.610280519869605 -40.10911694862446
17.35798451147672 -37.08212234242318
16.56944904607967 -38.35666095394189
17.262743096667663 -33.42281669594707
15.220909565807316 -34.03554658146184
19.56692198307927 -29.31019285219294
20.306248966535062 -29.530084167296266
27.733199598435025 -35.68130887923221
26.893474673492687 -33.14479500213047
22.800371975038402 -39.51311032967986
22.451104528640784 -36.87907845234125
23.770434327544145 -36.431316095857824
22.311150932218016 -38.91632135195251
22.550173543542847 -40.00610398130789
26.207577377883037 -37.077216138301324
24.663245814955282 -45.48060376557719
23.642369734306612 -44.3212732056847
28.46812614948516 -41.47335293114735
37.51617553649923 -42.84846150419501
37.864321173176506 -42.68229395968591
35.48878585855108 -34.640229871351984
37.2341952071437 -31.681530189829587
36.63550839720568 -36.41892709992867
36.882134776741445 -42.17698036848831
35.836872429262165 -50.64519732955465
42.07274129580866 -51.99968968588932
41.98638000914112 -52.03731668441376
34.916655126458316 -54.73266021165017
38.50506032778599 -52.49144142455636
38.41628466335197 -52.55000873111461
36.64775707190917 -59.594222994430396
45.29921143800891 -63.02990665779524
45.312411171562054 -63.01565929493964
44.05172990534166 -54.45104480421142
48.331479980156324 -51.28503540068928
53.34326049426721 -46.20515135304345
51.8486344184577 -52.747286433734416
60.082870982081666 -51.21767248702223
59.33278924234421 -60.85923397818125
61.60000539002906 -59.316086829806395
58.913604573302514 -60.88296229137121
67.43124935522737 -56.844230628509344
65.61564075989902 -63.794884626461695
75.32985497466763 -65.14057120272707
78.11930335568006 -62.9685443363237
77.12011318681895 -58.408851355435445
72.82686179416685 -54.07179702241495
78.68892531507723 -47.402744467171864
80.02067507154067 -46.12922089289695
79.71397143273977 -43.970942230738345
72.80585858152921 -44.771566642783505
74.94435649054368 -50.223230461214435
72.92904174461341 -49.465817223569594
79.30167637164462 -43.89161885516395
87.53229173896823 -43.77896027678881
92.8877185412573 -41.11644554251943
92.91351247538752 -41.13049950015813
91.55254176487534 -42.300350207407895
87.36031268866765 -48.429321027716924
92.35363733658637 -45.37150620116415
92.95102902296921 -54.57988845755966
86.76288886496148 -48.96323401170016
82.11622775520645 -53.18530620091188
79.21155053675975 -52.3566590157717
76.03908080421847 -53.08621493292889
80.39576846548489 -56.8561588454057
75.33116003816264 -56.23091575231243
81.57751743513498 -53.447957608958205
78.74421609987272 -47.00366739842018
83.7401800194207 -50.4264071680328
79.94186322775667 -50.18355747686123
82.68923095457104 -42.99869812295855
82.26478963978673 -42.070462489689454
80.57346194151407 -42.70434557195116
84.70529918102697 -33.87646714187757
88.39879686721741 -41.325519936932096
96.72712759581304 -45.95924948617137
96.75365885958375 -46.10219577115184
86.83390630535868 -45.565413135975405
86.2311436085973 -50.676370917047876
81.00298839354754 -57.02229292812745
84.61373928909 -47.844478127878844
90.83662691867305 -41.05741524534986
85.69141973385939 -42.08853554466072
91.82089763408051 -37.70123372667975
97.60404168456125 -37.385433916572765
97.552285943729 -37.326252306230366
102.98712508724235 -43.67056673059892
99.41483737694026 -44.46882248449314
104.94825629424211 -42.07938097226123
112.85795432492395 -45.59922146104354
118.13341424061181 -51.077899475541976
117.10155791256291 -51.07055358792214
123.30687840345554 -49.885861144498556
122.61520566958322 -49.33611633156668
122.26242435202276 -48.878147851278705
130.131376213276 -48.17052317214245
134.4921223974965 -48.97286298824243
132.52562345043228 -52.765389224509995
137.9675641025208 -54.767778660939214
145.5584085967551 -57.392516419229345
146.20487890442965 -50.099495391404766
144.44792750359332 -59.71016192997455
143.34988288629475 -59.35483341127106
147.4282741073756 -55.11842628870703
149.87184854374638 -61.76596144577425
143.7992960285479 -63.04993235043341
143.31170143780687 -64.02717208860112
139.70290089006656 -58.62888640553137
143.88855017841624 -59.68801584728738
139.6131556519691 -60.284280241448926
135.63576521801318 -65.41447307895763
128.50833271164515 -67.01916051896909
129.6605687267876 -66.65654333552665
135.7733030307545 -72.09604251101959
143.40814028416514 -66.44620570220746
144.47066584865738 -67.5637583127468
144.4974986858072 -67.54482551315434
153.52533026239126 -66.82739524361719
155.8174225160467 -64.69390880179796
155.2803089488761 -62.42930303342299
158.58808692238026 -62.25020249254095
165.19734615502185 -60.80566422357058
161.68868979109251 -59.49792963893035
162.05754479095242 -55.656349819685985
168.69474506760992 -52.05917671913454
167.2435825673255 -51.40829936424773
171.8611931349688 -56.82251247667621
172.78622767402484 -59.38441277251024
170.23833698273523 -67.50859718521224
171.55782859044967 -75.5211586477562
175.4520161621608 -77.06590778661821
172.6394973536062 -74.9839231714734
174.0862462946318 -74.67097029848462
175.60640551374715 -76.88790026308148
180.4177737254553 -82.55253621444015
178.9324559748102 -82.39289976082996
179.9572928972303 -80.98469964446083
178.95971720527393 -83.02148885179965
177.77523082205312 -82.40494446188659
186.0187964666366 -80.47591586932847
185.52552586659326 -81.51506340292262
182.14178247567583 -88.75647014746558
177.38500290932706 -87.16668178773229
177.5685155397856 -88.43227411547495
171.33518799266062 -83.74852760323131
170.09707465646684 -93.23310876044623
168.18118817443812 -94.35480720376026
172.11088101410243 -98.9943749985508
175.27369552800567 -97.40121504182724
175.13940749806125 -91.75331717266292
175.75450327487707 -88.79182611357014
179.56091423525325 -88.50004619935919
184.8737388378558 -90.06629519151726
185.0169479945528 -88.40416835297295
186.52940313300164 -90.90592781761025
192.73895532686385 -90.01890608505045
192.59442723453878 -88.845583570517
194.48905851411814 -79.03847803033642
188.42561734949928 -75.85590240553616
181.79720837877707 -81.05344679981081
188.91398755844313 -74.70250863654839
190.70491895937326 -68.7994748586223
190.90149711714415 -63.778635372134495
196.52749110815256 -64.98490471824529
200.8413219776731 -70.32986961911408
191.65118641470642 -70.6912138405313
192.4247733944202 -71.11698760491201
190.1297237190296 -69.62059273176047
190.1607906977198 -61.937827045948374
192.65386514397832 -65.41485948277806
188.0607320830152 -72.09448221779616
194.42012229937816 -72.55182229919491
202.26228754827937 -74.37081042646618
203.59844631120532 -80.53305842187078
197.87580424319725 -83.34380913544585
197.846021216286 -91.10503240117633
201.89541475322847 -97.23317246513476
202.81947184571726 -94.9411347079893
204.5537033909186 -91.76357423274376
200.75279182581022 -97.93847658467331
201.12784391853742 -97.46577362649528
198.45272872505512 -98.03916192266318
199.61445251531546 -98.06159885789062
197.37496235425095 -100.04792688483914
195.24593397716754 -98.55141417795686
199.3244243811503 -97.26568130501397
195.29202213929963 -104.8698168656418
199.8915515174867 -98.43395899866778
199.8345762187624 -98.44770529167955
194.25755822962287 -104.79404823997939
187.13672792864688 -110.39992779639341
192.18969555084354 -108.02367331812992
185.77949061053567 -105.71398053971713
191.02093747392576 -113.3211144027491
190.62932511986622 -115.84250712894358
191.90602834922217 -108.66509726167354
198.21917082484134 -114.66603111096883
195.9551030473772 -112.09777020301975
203.84076839556036 -111.36929786999674
207.4349699914039 -106.63003827047152
207.7144153200579 -116.39149562846542
206.1171197046562 -119.36922517901851
204.87475963843323 -124.3982075362891
206.48884634842062 -121.53470549329057
204.26148935745547 -120.75962139915875
209.26612430207973 -113.22530926260384
216.75020560366454 -116.83877168935345
212.1791810986373 -117.3916824473903
203.51037296761496 -113.39672359503496
201.10247152562567 -115.76230456877751
203.45268455865738 -117.81515264370819
193.61736027550316 -117.90115075033322
194.5585414901285 -126.37409240334183
189.95224919280145 -133.05970498235843
195.86773923295314 -139.72691658880808
201.389054468205 -133.53031867448502
198.9952889410855 -127.7662071898323
200.93691024759684 -124.67493492058867
193.28534616612924 -122.00835708299337
188.33765266439175 -123.15174627452716
188.2333380693364 -123.07723656573656
189.1097160666236 -116.2888235406415
186.7393941735934 -109.75518027769255
183.58079680914005 -107.38028347311578
175.5627422500342 -102.21743566259887
174.44139331573643 -104.92213192512442
172.79600663755448 -106.05621105651882
164.4463206097451 -108.72387112799179
161.97982847775157 -109.15156507856335
162.62915640164624 -109.45802752794228
164.1410050039872 -109.0502421351497
156.32118062767327 -109.95558978065547
153.00575744826423 -112.1496907063409
151.75285595077764 -110.81480256423693
149.84361956635374 -114.67552885904837
152.13158642923563 -116.49536379146973
143.9170670605898 -120.53864824389106
145.72986283894747 -121.83167782564821
137.72406451971068 -121.2111214493304
141.85787287042348 -128.79788038588083
143.87599636253634 -122.77723458108422
143.59048770526417 -121.02222702835044
144.14438025091317 -122.33250107696261
134.50628348000947 -121.5554837888139
133.46153327122397 -118.61333943132269
133.49151770210196 -118.87907544918124
130.81812540287098 -122.55058530029136
125.84532463272039 -121.97755561321411
129.54319727464218 -115.36292220814512
136.74601150004315 -120.80725265236241
136.31552836468745 -123.39851079939234
137.596165914395 -124.18347808388303
134.02765978223215 -117.77273783437808
139.0977117807203 -123.34412504873625
140.59889663419702 -130.93575682942466
139.4766590130152 -123.24909700863887
134.9857767405897 -131.91703362242328
132.89805259931833 -128.7267055328652
136.21299773308422 -129.50250261214532
139.4114450126211 -134.05812421376288
135.65776484353938 -138.66810316365957
140.57607060865038 -132.2260308925796
136.41702617814335 -129.91624762357503
135.3245166261927 -129.69333620399215
141.15208378290947 -124.36323185317663
137.70330685753075 -123.74122260977289
137.91856812268222 -124.68785384200534
132.65399226025625 -130.06747065156668
133.42340618588588 -128.33120273562983
129.65011853465978 -131.93016288316156
133.59328558401643 -133.60827262780288
131.35888932406345 -134.8017105610265
125.36420850803715 -129.3333388367705
132.81975232098125 -127.3056370980125
129.57824253884044 -131.0541204193496
130.3126422572969 -136.04192855428832
131.09194688219148 -135.00702053269103
130.20349305919578 -133.05478902435704
126.80893937360713 -131.3259422865405
128.05544573653 -131.44093730005454
124.20553273741369 -125.66712317476582
122.54735647976163 -118.42917304236455
124.16002411179085 -118.98628725803576
126.29228232523994 -118.24390796941441
130.68469595320607 -119.04842280153798
128.4804142084935 -119.66697775428413
130.69766960569817 -119.9790146520752
128.71087689129098 -118.3900139138158
129.81502414694108 -121.54709303005052
123.67426475499487 -125.22816888383916
131.79054377329905 -127.3629733840215
130.12633967578077 -122.94403640063378
136.89937867130732 -128.8585653536683
143.2129878223639 -128.7890838683203
147.88699026528226 -131.0748724310683
145.3747563974231 -136.20989126138159
151.21584067677338 -133.0548564772712
151.22042660917816 -131.90625529226654
147.47164938056233 -126.82527877334275
145.59599776831436 -128.4580148926436
144.578387895664 -125.9832820067827
143.71200149994834 -122.48277831978753
147.08036068406844 -124.70677870600106
154.25400206874707 -124.34683189350709
152.68361309705568 -116.78563789510257
145.1484658879902 -111.49751953184685
144.5181454835671 -111.25753232818221
140.91197024313828 -114.95452275889112
143.2839317951779 -124.4910800440801
144.796670698636 -116.55731789451964
148.92687642667508 -124.56716744578458
143.72617113782024 -117.02332745681979
143.93854036455022 -113.68482778547691
147.27526180247992 -113.01487825654706
148.7625614790528 -108.23964028432589
158.13818869364624 -107.41625183773318
157.71689060395016 -106.28970213829687
161.3300173791017 -105.27989278628101
161.68654333777476 -103.65489570885114
161.37415785772623 -101.6009990194482
165.8212997348486 -108.79361285336408
173.60516401480788 -104.30052844801267
170.9833184465779 -112.18173059501832
173.52223780592743 -118.83191508611834
174.56949938887993 -122.69530716358175
180.74002246550344 -122.41020580384587
183.37422224592416 -115.75764353448284
178.022474211595 -113.52730840458405
174.3368751489551 -117.65058602893495
173.80000092441415 -118.6525756559165
172.68144775958004 -116.10579281798712
164.55838354721192 -121.0565570233621
161.8110237271779 -121.99425234270645
159.8229797572499 -125.04340894382003
158.01079809678285 -127.47828748033554
152.33187372874337 -121.71764340709737
145.63456771405077 -114.65532328790171
144.95871110518658 -116.21816585073611
141.53094411193737 -115.589193323435
141.4710821490595 -115.60008371541281
134.7504317177689 -115.36711240361167
134.62425853653937 -116.15898351130248
143.94802644720164 -115.24025211906604
138.94504276700357 -113.07371444555437
140.63597445139555 -110.35517727760912
141.71801643716097 -116.59140489255353
144.01905117473896 -121.76018296572738
141.594772213189 -118.67939561385845
135.6417167103259 -111.295971349399
134.86172068430238 -105.4174038023386
135.68131835369564 -100.17265768838854
136.60854835424766 -108.19421285789687
132.0433558890828 -100.44927895819067
128.8562870233348 -94.50849573003819
128.9028957078785 -94.65227893898708
126.09980575809628 -100.6913023103566
121.8484910271707 -105.92879520305708
121.98865405093899 -104.71207126268224
123.43883372828269 -106.37621800571382
117.04316401287387 -100.18653781167006
117.64139882792642 -100.29560321262649
116.32592912725937 -108.04583100335863
120.59004742263325 -110.40896215162765
120.97127633431181 -109.802400446352
119.89969810174223 -115.0082248199463
113.53327528157348 -115.24208517831654
113.3615705995032 -115.12453696775701
105.47775176102532 -118.23000761201224
101.8492391160681 -121.83480778459379
94.1483415879057 -122.96051567145545
86.84168120681883 -121.86485256253667
90.65419683973496 -125.2907143898715
86.96634607336037 -123.43342629505011
89.15682834940418 -124.89985314733978
88.79992443745962 -124.00349800411654
87.87054029342661 -122.97003134097794
89.16194532720382 -114.35908421299087
85.75346567171732 -113.89769531892162
92.34168700615089 -112.31672167723099
87.36846859755353 -106.44530135137697
87.01248583712527 -106.31463791587888
89.55010871055268 -111.1960115419805
89.33577123514429 -118.29564063908937
90.30617067409486 -118.92549164247853
89.10900297512046 -115.80654916032317
91.00652831634923 -113.93678319468428
92.20854909439416 -107.60077210438875
86.34553267542877 -108.06593685149782
94.07680891064304 -111.79054393073103
95.99964555458435 -114.63101207217153
96.11156075242668 -117.04695120490658
97.31577168512813 -114.08786147623827
103.53895613240284 -112.87623203959033
102.8534933799006 -121.52185964794468
102.79390942083528 -129.47648290463732
97.31199217886184 -124.38565052747984
98.07882969842784 -123.04923102965483
105.45430498990375 -117.94940206893523
112.28873074486444 -113.38675701049912
112.42088145262329 -113.92988090426401
112.59591532673764 -113.27000832452711
109.62414379370689 -114.69896131694935
102.66294990286843 -117.8611506744396
100.95017572701427 -115.81006639183154
103.46487517618343 -122.46221268016484
99.77974962580913 -120.54237616524476
99.32626310167346 -128.8340942341776
99.53277191436118 -130.14094150152258
99.16294077462841 -130.211173642583
102.76838429634779 -127.57667108831204
106.54291054735859 -131.426717479251
105.60095180367689 -133.97486304332097
110.2225929138371 -142.27735869290763
114.36855379342975 -146.97657752451533
111.5567426881541 -152.71899317072246
121.47552073023833 -151.76935136962499
118.19260457583181 -150.462030145145
121.51456249821682 -141.89303568257293
120.85935525526291 -142.69116774751066
115.24270247495814 -141.6749189216797
120.88046675256614 -137.67748660277616
121.30999322794979 -134.96208504510957
