300
-6.01521610866264 7.805297899194365
-5.446125314216211 7.043930878163085
-2.824197001211165 13.552650998654595
-10.097730532159426 12.970636781445856
-8.030436019052052 10.83977762726361
-3.2906654181692936 9.268906380212961
1.7371397119355425 8.53287064561817
0.6921000138140043 7.023916827638221
-1.2405874937070265 2.637318218959554
3.3969749029826297 -4.3310929091749495
9.811480966137129 -11.619973528324133
8.721559359747115 -12.323536749726347
14.4924128753022 -14.84644049549274
13.349896982156695 -20.86475797642348
20.688824090105136 -16.960675563041463
24.286735342298975 -17.221425515938716
27.60605931358504 -23.13315176896137
30.811372000057293 -16.018877407794022
32.63731969248513 -14.549019554739303
30.876587068105884 -8.023688692937373
26.67270017647953 -10.775338022120057
35.653625525403655 -8.958745917713777
37.78258263274357 -7.830632921780097
35.754061250810736 -6.5557250815813255
34.64846336762001 -6.059998787574221
35.36352785091268 -4.530936739339302
38.960028133328116 3.0760770636167347
30.905117872604894 5.107653013856077
39.37108526686505 2.4720649371036543
31.381863278064966 4.0751977702281765
39.765049681256286 5.38453781308498
47.67689767353307 3.468784559286468
51.16032233591511 7.057183186817766
55.69759756018893 9.444497715062836
52.484018071076676 4.89067014057513
49.58785642313626 10.65790720355463
52.69990766991714 15.866537990470848
54.42942205863941 16.46301502282779
64.29938005781435 16.660388799334072
69.04247800160174 24.06052951389547
67.87652591478694 23.622874097727657
67.7316467272905 30.415492331910226
65.66607545890388 22.69749166018389
63.346496515367626 22.10724260847597
67.55684187394321 19.140430263647144
64.3238237753131 20.32885089678617
61.598070848138455 26.569833253410927
53.47465355218782 28.975869915807607
49.164703429816655 20.78849155481257
47.23801255539993 22.705812760812783
49.08196861554303 22.828992750013562
46.279336896964175 18.33571198203547
55.40511767857659 19.114642656484744
57.50324174256296 22.22294832273027
58.2887773011851 28.117216397006274
64.05181109264863 25.946929232431014
65.73420453843197 23.811906940809283
66.38503616431946 19.49101132309387
65.81571783057693 19.427682630136566
65.94884078023134 16.275722935870167
68.3711940482051 22.180764460116485
68.66255656725362 22.154736297327908
67.70606554335022 29.053175323522584
73.91253079074454 32.874704604327164
72.42403026539799 33.7626846578207
80.59011420205182 29.311152330169307
82.19283485762736 21.04444361806118
82.16882730573758 20.490455172397912
80.79935259496494 23.846361696026715
87.36680680928518 28.223489509760746
87.95504843893147 35.836484804856966
87.52065416432939 39.23191203534891
82.44955895611844 45.83224782976103
86.10216250255773 47.55212362014301
87.97622765895989 53.628599313879896
86.11001716816963 57.628369381130554
77.84582633857475 60.50203053640565
81.0135038977849 66.29935388200018
78.97525317316025 64.54744876193944
75.47274686572526 61.595623260421526
80.90411861300042 68.86746304084531
80.53237997220677 67.92703706710837
77.71890702851702 72.91596807541937
74.2663769001901 73.60011756835874
70.82253025183688 77.29460024127815
69.78876774791779 83.57037842066552
71.97866623787087 80.93677084954793
71.20521140651611 89.53303250414288
72.49990670333636 88.69683095729816
81.33293702478004 86.9178606518056
86.05968248485749 93.89238920596836
88.85779906648588 93.47952150111873
90.01593023876595 93.7077987209256
99.04896765644179 93.77848090806138
97.1607156396947 100.6758090298211
96.94295080677517 95.70178068353304
92.50492203516667 93.20512686423093
90.68628538421991 97.49465161995806
85.64193118630713 97.21541346980746
85.37913850543211 105.93818293265939
77.35504999314557 101.66086728663159
83.33977266194469 100.65772863251122
83.31090867876364 100.65215259298155
81.16654799814306 100.09477079126974
84.27092962176552 104.59786618328242
85.0534806222695 99.73810002824476
85.58019828093326 103.20191765564823
88.96752120837247 105.04544050295488
92.23077549734128 96.17482937865525
87.45853878835992 95.31886988468563
83.94066108996078 98.12001869545655
89.08338253180159 103.84105350556297
96.89834954252271 109.1887129819528
92.02635226676345 105.02086651367173
90.62049539540132 108.25567523889138
90.09711228837745 107.61189302849064
92.41229384289251 110.43205942835272
99.72001449058628 106.83612909554037
92.45258466065516 107.32936361179048
95.79119195959534 110.5682575927877
96.52842992416751 108.16099356002799
98.07064647745955 98.89095280435976
98.32702522352349 91.1677248709776
97.75382177165142 96.56555538104539
98.56511414063345 96.22427774195549
104.81482781543768 100.9913963621166
104.03586647019932 101.18482052684368
104.94907301852975 109.0277414509423
101.5132101421138 112.3433221348716
103.85599469467319 114.0266288328841
104.17752091802093 111.75970990666524
97.24581085459502 104.6546362791737
90.43394258673115 111.74035679927174
91.55165980809582 111.24264109148355
95.99307145334521 112.7618994799109
96.95017396972096 116.57130220742984
95.8861910407256 115.05502332539466
100.08117534587444 113.59887800422703
103.64565352988997 110.11074889702762
106.56805828400036 104.33852580808663
109.81929452148886 95.24792321150531
111.10608309092166 95.04837917504182
113.79333673351046 96.35712527871003
106.7479653139415 93.90106566227567
108.01899779461597 97.68178608339126
107.50484186779667 88.37349376535548
116.8172784900064 89.5325551716106
116.7791119571782 89.85928639005178
110.28761616299784 92.10007280452403
119.04343244872238 95.81765135458527
125.74472931752561 90.85382063411944
125.75701802044524 90.83993968326534
120.82765682082086 85.6298456437037
122.12365534341542 75.8893065173418
126.33717674006745 78.98565194616943
134.6161094762407 75.82990146396018
127.93311022813228 77.13272624718923
132.1823926178352 70.2953189119394
124.87185739040312 70.26878645873803
123.37946735146521 72.85840533841737
131.57213800207504 67.38084329615027
129.71509424315394 61.422353319478944
131.13268326262562 69.81455259277638
128.97315977538761 68.27125071504716
129.56151808042063 66.8921969713871
127.06836186362035 60.89381851631172
126.99031144070365 61.0913079832124
122.62269044065204 62.116484952763976
121.97116745790215 63.524213703018965
129.10764051057868 63.427911164961365
129.69432403314124 71.27903315664277
130.00156171846294 71.74640744363145
136.84787975746835 67.03156294683066
131.67535239500197 62.127983070018885
138.75667773265693 61.756843351603166
134.70526851432538 56.40491811238611
133.55216735444395 57.20661007337911
133.67582660920667 52.011659830262474
131.75842851199056 51.25514680738411
133.8332289776183 51.31526267014668
131.15868704995523 58.35126959827406
131.12275476856684 59.10309539109932
130.86536243458872 58.902877249483765
123.91691590641095 63.954082865540585
122.80252231121374 64.84946479833397
122.46558068383489 64.74983502309787
118.38004599282172 71.1029386342728
112.59960523644787 73.97705813891805
118.6262319324572 69.48039353195661
119.11033226945224 68.98781774244722
114.59891108546985 67.06644983473328
115.63897620938855 67.91991677496307
113.26891937548392 65.13673162995985
118.35814049251991 64.56721740050816
117.3455368501645 61.72684035937594
122.19859129263612 61.37566221722186
125.4627369776582 59.249654491615466
125.34727024498635 58.09354431322966
130.54941574828226 55.11738558936746
126.15280596560304 58.79471355557939
127.56014791840853 62.26911650941955
121.81994065723903 70.13892353708127
123.04036500747326 71.49174918319116
119.4405416674364 80.6180663035196
128.73758567283258 80.10002615332078
124.01275520439013 88.27613035398022
128.8149643550639 85.12155221745769
127.82021402188965 88.31838838593833
133.86346999674905 89.71578271767665
128.33924047234166 82.30488290949808
137.1010169051692 85.23578172722362
129.5596357800509 87.9621163377926
135.19149495972815 83.24585483534315
133.4971679797809 75.30977279961733
135.77743935492367 77.50218472859564
139.54768504816207 78.83093783761508
148.33469677923057 75.80893277582433
142.62818500773906 75.61691898976888
140.0748733672699 82.43722571350703
136.7154495267284 87.2519525828958
136.51973893396385 88.82343829652154
136.32035262778825 88.88428858846112
143.12343153281026 86.28298611388414
135.10464113702972 82.75108974802613
134.3498297660368 85.574584791604
139.35889134020408 88.09936114386804
133.60477539239474 93.92596611794852
135.2058687097622 90.7270449665747
133.65177692935046 86.27397586714709
138.36033914619523 84.75096475843638
129.75175591612094 79.84549393923594
130.5343800042093 81.60545196289816
124.36251265416772 82.0830479708847
122.6475913908104 80.25592678836924
128.0924360547985 87.80833610322591
129.7520391970727 90.05222312947404
128.72072873438933 90.52531050928673
134.54252674854627 92.19729938731628
133.37939328731227 86.30569934822648
130.1579863461293 88.09288095092084
132.49826073551856 83.50763882172357
137.3536186159313 86.07311344734609
145.54681820449693 81.51115536020805
139.96939880188526 82.98929621414236
135.9904651095862 80.44774620005724
145.0041565666506 84.57276552508492
141.39943814366916 84.67262943765225
148.6369877038413 77.86445631854808
153.97947058420525 84.35548491707563
157.04464409573296 83.35607392639544
159.0286605706355 81.3538180516052
159.3649111056871 81.72882664155013
168.26328452951515 81.66680652746113
161.59069718047783 85.88960526141878
159.8462824536985 87.02554478620257
169.51553265738178 89.56548688447347
166.44520659204406 88.031909535856
174.08209001892087 91.76200436463452
178.67421791981013 84.14000369326381
182.50089161171667 87.99944426766939
177.33804864280484 79.44385284470877
177.33152142496448 74.27733645743199
177.01981561250744 66.25880768416896
170.41087671569406 68.08478684800198
165.03495507789387 65.83000353115033
164.3368900683804 64.51467545890782
172.08329533462492 69.78292382396427
173.22858410910467 68.77630163256747
174.81219223150822 72.687471712248
169.21360109712424 73.13896538210793
167.00192961188267 74.93315327642365
172.52257364121255 76.65008476922816
176.66463702143795 82.99495069714541
176.28704798463002 82.92055394477002
177.70997887654923 84.89949559046359
175.96433985782392 85.65593462240358
179.94015456667546 82.91526374187585
183.6710551820068 81.05259452981119
184.05406513025582 81.06087724894587
185.6639754551787 79.46427260804275
185.7573760814359 82.98857641186643
187.49418760627947 91.68897516709522
187.39097649687974 91.8305160955887
184.66553468441396 91.3792151943551
181.00206780562021 92.54323552487378
177.10798624039435 95.73977102908876
175.52527247440733 99.00649311750863
180.98789736519777 103.80770935116199
182.26596370367898 105.52002318943124
182.82535090963185 101.24439641857943
179.86232514977095 99.8630829290992
184.97649158957822 99.11995583916222
183.00933158454598 94.11053690323352
179.00090934560754 98.0988879358497
181.2872889717836 104.2154823844762
186.73717954376662 102.77972553675681
186.83256779966914 105.95241708129657
191.63235963348257 106.54674488910823
185.95365461889057 114.54486163333056
184.37161335026698 122.57491837530156
